2 2.39368 1 0
4 1.67949 1 0
6 1.36309 1 0
8 1.17448 1 0
10 1.04577 1 0
12 0.950755 1 0
14 0.876911 1 0
16 0.817387 1 0
18 0.768083 1 0
20 0.726373 1 0
22 0.690489 1 0
24 0.659189 1 0
26 0.631574 1 0
28 0.606974 1 0
30 0.584876 1 0
32 0.564884 1 0
34 0.546683 1 0
36 0.530021 1 0
38 0.514692 1 0
40 0.500527 1 0
42 0.487387 1 0
44 0.475153 1 0
46 0.463726 1 0
48 0.453021 1 0
50 0.442965 1 0
52 0.433494 1 0
54 0.424555 1 0
56 0.416099 1 0
58 0.408084 1 0
60 0.400474 1 0
62 0.393235 1 0
64 0.386337 1 0
66 0.379756 1 0
68 0.373467 1 0
70 0.36745 1 0
72 0.361685 1 0
74 0.356156 1 0
76 0.350846 1 0
78 0.345742 1 0
80 0.34083 1 0
82 0.336099 1 0
84 0.331539 1 0
86 0.327138 1 0
88 0.322888 1 0
90 0.318781 1 0
92 0.314808 1 0
94 0.310963 1 0
96 0.307238 1 0
98 0.303628 1 0
100 0.300127 1 0
102 0.29673 1 0
104 0.293431 1 0
106 0.290225 1 0
108 0.28711 1 0
110 0.284079 1 0
112 0.28113 1 0
114 0.278259 1 0
116 0.275463 1 0
118 0.272738 1 0
120 0.270082 1 0
122 0.267491 1 0
124 0.264963 1 0
126 0.262495 1 0
128 0.260086 1 0
130 0.257732 1 0
132 0.255432 1 0
134 0.253184 1 0
136 0.250985 1 0
138 0.248835 1 0
140 0.24673 1 0
142 0.244671 1 0
144 0.242654 1 0
146 0.240679 1 0
148 0.238744 1 0
150 0.236848 1 0
152 0.234989 1 0
154 0.233167 1 0
156 0.23138 1 0
158 0.229627 1 0
160 0.227907 1 0
162 0.226219 1 0
164 0.224562 1 0
166 0.222935 1 0
168 0.221337 1 0
170 0.219767 1 0
172 0.218225 1 0
174 0.21671 1 0
176 0.21522 1 0
178 0.213756 1 0
180 0.212316 1 0
182 0.2109 1 0
184 0.209507 1 0
186 0.208136 1 0
188 0.206788 1 0
190 0.20546 1 0
192 0.204154 1 0
194 0.202868 1 0
196 0.201601 1 0
198 0.200354 1 0
200 0.199126 1 0
202 0.197916 1 0
204 0.196723 1 0
206 0.195549 1 0
208 0.194391 1 0
210 0.193249 1 0
212 0.192124 1 0
214 0.191015 1 0
216 0.189921 1 0
218 0.188842 1 0
220 0.187778 1 0
222 0.186729 1 0
224 0.185693 1 0
226 0.184671 1 0
228 0.183663 1 0
230 0.182668 1 0
232 0.181686 1 0
234 0.180716 1 0
236 0.179759 1 0
238 0.178814 1 0
240 0.17788 1 0
242 0.176959 1 0
244 0.176048 1 0
246 0.175149 1 0
248 0.174261 1 0
250 0.173383 1 0
252 0.172516 1 0
254 0.171659 1 0
256 0.170812 1 0
258 0.169975 1 0
260 0.169148 1 0
262 0.16833 1 0
264 0.167522 1 0
266 0.166722 1 0
268 0.165932 1 0
270 0.16515 1 0
272 0.164377 1 0
274 0.163613 1 0
276 0.162856 1 0
278 0.162108 1 0
280 0.161368 1 0
282 0.160636 1 0
284 0.159912 1 0
286 0.159195 1 0
288 0.158486 1 0
290 0.157784 1 0
292 0.15709 1 0
294 0.156402 1 0
296 0.155721 1 0
298 0.155048 1 0
300 0.154381 1 0
302 0.15372 1 0
304 0.153066 1 0
306 0.152419 1 0
308 0.151778 1 0
310 0.151143 1 0
312 0.150514 1 0
314 0.149892 1 0
316 0.149275 1 0
318 0.148664 1 0
320 0.148059 1 0
322 0.147459 1 0
324 0.146865 1 0
326 0.146276 1 0
328 0.145693 1 0
330 0.145115 1 0
332 0.144543 1 0
334 0.143975 1 0
336 0.143413 1 0
338 0.142855 1 0
340 0.142303 1 0
342 0.141755 1 0
344 0.141212 1 0
346 0.140674 1 0
348 0.140141 1 0
350 0.139612 1 0
352 0.139087 1 0
354 0.138568 1 0
356 0.138052 1 0
358 0.137541 1 0
360 0.137034 1 0
362 0.136531 1 0
364 0.136032 1 0
366 0.135538 1 0
368 0.135047 1 0
370 0.134561 1 0
372 0.134078 1 0
374 0.1336 1 0
376 0.133125 1 0
378 0.132654 1 0
380 0.129815 0 0.00140239
382 0.126693 0 0.00301418
384 0.123659 0 0.00461798
386 0.120708 0 0.00621387
388 0.11784 0 0.00780189
390 0.115051 0 0.00938212
392 0.112338 0 0.0109546
394 0.1097 0 0.0125194
396 0.107134 0 0.0140766
398 0.104639 0 0.0156262
400 0.102211 0 0.0171683
402 0.0998494 0 0.0187029
404 0.0975517 0 0.0202302
406 0.0953161 0 0.0217501
408 0.0931406 0 0.0232627
410 0.0910237 0 0.0247681
412 0.0889634 0 0.0262663
414 0.0869582 0 0.0277574
416 0.0850064 0 0.0292414
418 0.0831064 0 0.0307184
420 0.0812568 0 0.0321884
422 0.0794561 0 0.0336516
424 0.0777028 0 0.0351078
426 0.0759956 0 0.0365573
428 0.0743331 0 0.038
430 0.0727141 0 0.039436
432 0.0711372 0 0.0408654
434 0.0696013 0 0.0422881
436 0.0681052 0 0.0437043
438 0.0666477 0 0.045114
440 0.0652278 0 0.0465172
442 0.0638443 0 0.047914
444 0.0624962 0 0.0493045
446 0.0611825 0 0.0506886
448 0.0599023 0 0.0520665
450 0.0586545 0 0.0534381
452 0.0574382 0 0.0548036
454 0.0562526 0 0.056163
456 0.0550968 0 0.0575162
458 0.05397 0 0.0588634
460 0.0528712 0 0.0602046
462 0.0517998 0 0.0615399
464 0.050755 0 0.0628692
466 0.049736 0 0.0641927
468 0.0487421 0 0.0655104
470 0.0477726 0 0.0668223
472 0.0468268 0 0.0681284
474 0.045904 0 0.0694288
476 0.0450037 0 0.0707236
478 0.0441252 0 0.0720128
480 0.0432678 0 0.0732964
482 0.0424311 0 0.0745744
484 0.0416144 0 0.075847
486 0.0408172 0 0.0771141
488 0.0400389 0 0.0783758
490 0.0392791 0 0.0796321
492 0.0385371 0 0.080883
494 0.0378127 0 0.0821287
496 0.0371051 0 0.0833691
498 0.0364141 0 0.0846042
500 0.0357392 0 0.0858342
502 0.0350798 0 0.087059
504 0.0344357 0 0.0882787
506 0.0338063 0 0.0894933
508 0.0331913 0 0.0907029
510 0.0325904 0 0.0919075
512 0.0320031 0 0.0931071
514 0.031429 0 0.0943017
516 0.0308679 0 0.0954914
518 0.0303193 0 0.0966763
520 0.029783 0 0.0978563
522 0.0292586 0 0.0990315
524 0.0287458 0 0.100202
526 0.0282443 0 0.101368
528 0.0277539 0 0.102529
530 0.0272741 0 0.103685
532 0.0268048 0 0.104837
534 0.0263457 0 0.105984
536 0.0258965 0 0.107126
538 0.025457 0 0.108264
540 0.0250269 0 0.109397
542 0.0246059 0 0.110526
544 0.0241939 0 0.111651
546 0.0237906 0 0.112771
548 0.0233958 0 0.113886
550 0.0230092 0 0.114998
552 0.0226308 0 0.116105
554 0.0222602 0 0.117207
556 0.0218973 0 0.118305
558 0.0215418 0 0.119399
560 0.0211937 0 0.120489
562 0.0208527 0 0.121575
564 0.0205186 0 0.122656
566 0.0201913 0 0.123734
568 0.0198706 0 0.124807
570 0.0195563 0 0.125876
572 0.0192484 0 0.126941
574 0.0189466 0 0.128002
576 0.0186507 0 0.129059
578 0.0183607 0 0.130112
580 0.0180765 0 0.131161
582 0.0177978 0 0.132206
584 0.0175245 0 0.133247
586 0.0172566 0 0.134285
588 0.0169938 0 0.135318
590 0.0167361 0 0.136348
592 0.0164834 0 0.137374
594 0.0162355 0 0.138396
596 0.0159923 0 0.139414
598 0.0157537 0 0.140428
600 0.0155197 0 0.141439
602 0.01529 0 0.142446
604 0.0150647 0 0.14345
606 0.0148435 0 0.144449
608 0.0146265 0 0.145446
610 0.0144134 0 0.146438
612 0.0142044 0 0.147427
614 0.0139991 0 0.148413
616 0.0137976 0 0.149395
618 0.0135998 0 0.150373
620 0.0134055 0 0.151348
622 0.0132148 0 0.152319
624 0.0130275 0 0.153287
626 0.0128436 0 0.154252
628 0.0126629 0 0.155213
630 0.0124855 0 0.156171
632 0.0123112 0 0.157125
634 0.01214 0 0.158076
636 0.0119718 0 0.159024
638 0.0118066 0 0.159969
640 0.0116442 0 0.16091
642 0.0114847 0 0.161848
644 0.0113279 0 0.162782
646 0.0111738 0 0.163714
648 0.0110224 0 0.164642
650 0.0108736 0 0.165567
652 0.0107273 0 0.166489
654 0.0105835 0 0.167408
656 0.0104421 0 0.168323
658 0.0103031 0 0.169236
660 0.0101665 0 0.170145
662 0.0100321 0 0.171052
664 0.00990004 0 0.171955
666 0.00977013 0 0.172855
668 0.00964237 0 0.173752
670 0.00951672 0 0.174646
672 0.00939314 0 0.175538
674 0.00927159 0 0.176426
676 0.00915202 0 0.177311
678 0.0090344 0 0.178194
680 0.00891869 0 0.179073
682 0.00880485 0 0.17995
684 0.00869284 0 0.180823
686 0.00858263 0 0.181694
688 0.00847418 0 0.182562
690 0.00836747 0 0.183427
692 0.00826244 0 0.184289
694 0.00815908 0 0.185149
696 0.00805736 0 0.186006
698 0.00795723 0 0.18686
700 0.00785867 0 0.187711
702 0.00776165 0 0.188559
704 0.00766614 0 0.189405
706 0.00757211 0 0.190248
708 0.00747954 0 0.191088
710 0.00738839 0 0.191926
712 0.00729865 0 0.192761
714 0.00721027 0 0.193593
716 0.00712325 0 0.194423
718 0.00703755 0 0.19525
720 0.00695315 0 0.196074
722 0.00687003 0 0.196896
724 0.00678815 0 0.197716
726 0.00670751 0 0.198532
728 0.00662807 0 0.199346
730 0.00654982 0 0.200158
732 0.00647273 0 0.200967
734 0.00639679 0 0.201774
736 0.00632197 0 0.202578
738 0.00624824 0 0.20338
740 0.00617561 0 0.204179
742 0.00610403 0 0.204975
744 0.0060335 0 0.20577
746 0.005964 0 0.206562
748 0.0058955 0 0.207351
750 0.005828 0 0.208138
752 0.00576146 0 0.208923
754 0.00569589 0 0.209705
756 0.00563125 0 0.210485
758 0.00556754 0 0.211262
760 0.00550473 0 0.212038
762 0.00544282 0 0.21281
764 0.00538178 0 0.213581
766 0.0053216 0 0.214349
768 0.00526227 0 0.215115
770 0.00520377 0 0.215879
772 0.0051461 0 0.21664
774 0.00508922 0 0.217399
776 0.00503314 0 0.218156
778 0.00497783 0 0.218911
780 0.00492329 0 0.219664
782 0.0048695 0 0.220414
784 0.00481645 0 0.221162
786 0.00476412 0 0.221908
788 0.00471251 0 0.222652
790 0.00466161 0 0.223393
792 0.00461139 0 0.224132
794 0.00456186 0 0.22487
796 0.00451299 0 0.225605
798 0.00446479 0 0.226338
800 0.00441723 0 0.227069
802 0.00437031 0 0.227798
804 0.00432401 0 0.228524
806 0.00427833 0 0.229249
808 0.00423326 0 0.229971
810 0.00418879 0 0.230692
812 0.0041449 0 0.23141
814 0.00410159 0 0.232127
816 0.00405885 0 0.232841
818 0.00401667 0 0.233554
820 0.00397504 0 0.234264
822 0.00393395 0 0.234972
824 0.0038934 0 0.235679
826 0.00385337 0 0.236383
828 0.00381386 0 0.237086
830 0.00377486 0 0.237786
832 0.00373636 0 0.238485
834 0.00369836 0 0.239181
836 0.00366084 0 0.239876
838 0.00362379 0 0.240569
840 0.00358722 0 0.24126
842 0.00355112 0 0.241949
844 0.00351547 0 0.242636
846 0.00348027 0 0.243321
848 0.00344551 0 0.244004
850 0.00341119 0 0.244686
852 0.0033773 0 0.245365
854 0.00334383 0 0.246043
856 0.00331078 0 0.246719
858 0.00327814 0 0.247393
860 0.0032459 0 0.248065
862 0.00321407 0 0.248736
864 0.00318262 0 0.249404
866 0.00315156 0 0.250071
868 0.00312088 0 0.250736
870 0.00309058 0 0.2514
872 0.00306065 0 0.252061
874 0.00303108 0 0.252721
876 0.00300187 0 0.253379
878 0.00297302 0 0.254035
880 0.00294451 0 0.25469
882 0.00291634 0 0.255343
884 0.00288852 0 0.255994
886 0.00286103 0 0.256643
888 0.00283386 0 0.257291
890 0.00280703 0 0.257937
892 0.00278051 0 0.258581
894 0.0027543 0 0.259224
896 0.00272841 0 0.259865
898 0.00270282 0 0.260504
900 0.00267753 0 0.261141
902 0.00265254 0 0.261777
904 0.00262785 0 0.262412
906 0.00260344 0 0.263044
908 0.00257931 0 0.263676
910 0.00255547 0 0.264305
912 0.00253191 0 0.264933
914 0.00250862 0 0.265559
916 0.00248559 0 0.266184
918 0.00246284 0 0.266807
920 0.00244034 0 0.267428
922 0.0024181 0 0.268048
924 0.00239612 0 0.268666
926 0.00237439 0 0.269283
928 0.0023529 0 0.269898
930 0.00233166 0 0.270512
932 0.00231066 0 0.271124
934 0.0022899 0 0.271735
936 0.00226938 0 0.272344
938 0.00224908 0 0.272951
940 0.00222901 0 0.273557
942 0.00220917 0 0.274162
944 0.00218955 0 0.274765
946 0.00217015 0 0.275366
948 0.00215096 0 0.275966
950 0.00213199 0 0.276565
952 0.00211323 0 0.277162
954 0.00209467 0 0.277758
956 0.00207632 0 0.278352
958 0.00205817 0 0.278944
960 0.00204022 0 0.279536
962 0.00202247 0 0.280125
964 0.00200491 0 0.280714
966 0.00198754 0 0.281301
968 0.00197037 0 0.281886
970 0.00195338 0 0.28247
972 0.00193657 0 0.283053
974 0.00191994 0 0.283634
976 0.0019035 0 0.284214
978 0.00188723 0 0.284793
980 0.00187113 0 0.28537
982 0.00185521 0 0.285945
984 0.00183946 0 0.28652
986 0.00182387 0 0.287093
988 0.00180846 0 0.287664
990 0.0017932 0 0.288235
992 0.00177811 0 0.288803
994 0.00176318 0 0.289371
996 0.0017484 0 0.289937
998 0.00173378 0 0.290502
1000 0.00171932 0 0.291066
1002 0.001705 0 0.291628
1004 0.00169084 0 0.292189
1006 0.00167682 0 0.292748
1008 0.00166295 0 0.293306
1010 0.00164922 0 0.293863
1012 0.00163564 0 0.294419
1014 0.00162219 0 0.294973
1016 0.00160889 0 0.295527
1018 0.00159572 0 0.296078
1020 0.00158269 0 0.296629
1022 0.00156979 0 0.297178
1024 0.00155702 0 0.297726
1026 0.00154438 0 0.298273
1028 0.00153188 0 0.298818
1030 0.0015195 0 0.299363
1032 0.00150724 0 0.299905
1034 0.00149511 0 0.300447
1036 0.0014831 0 0.300988
1038 0.00147122 0 0.301527
1040 0.00145945 0 0.302065
1042 0.0014478 0 0.302602
1044 0.00143627 0 0.303137
1046 0.00142485 0 0.303672
1048 0.00141355 0 0.304205
1050 0.00140236 0 0.304737
1052 0.00139128 0 0.305268
1054 0.00138031 0 0.305797
1056 0.00136945 0 0.306326
1058 0.0013587 0 0.306853
1060 0.00134805 0 0.307379
1062 0.00133751 0 0.307904
1064 0.00132707 0 0.308428
1066 0.00131674 0 0.30895
1068 0.0013065 0 0.309472
1070 0.00129637 0 0.309992
1072 0.00128633 0 0.310511
1074 0.00127639 0 0.311029
1076 0.00126655 0 0.311546
1078 0.00125681 0 0.312062
1080 0.00124715 0 0.312576
1082 0.00123759 0 0.31309
1084 0.00122813 0 0.313602
1086 0.00121875 0 0.314113
1088 0.00120946 0 0.314623
1090 0.00120027 0 0.315132
1092 0.00119116 0 0.31564
1094 0.00118213 0 0.316147
1096 0.0011732 0 0.316652
1098 0.00116435 0 0.317157
1100 0.00115558 0 0.31766
1102 0.00114689 0 0.318163
1104 0.00113829 0 0.318664
1106 0.00112977 0 0.319164
1108 0.00112133 0 0.319664
1110 0.00111296 0 0.320162
1112 0.00110468 0 0.320659
1114 0.00109647 0 0.321155
1116 0.00108834 0 0.32165
1118 0.00108029 0 0.322143
1120 0.00107231 0 0.322636
1122 0.0010644 0 0.323128
1124 0.00105657 0 0.323619
1126 0.00104881 0 0.324109
1128 0.00104112 0 0.324597
1130 0.0010335 0 0.325085
1132 0.00102595 0 0.325571
1134 0.00101848 0 0.326057
1136 0.00101107 0 0.326542
1138 0.00100372 0 0.327025
1140 0.000996449 0 0.327508
1142 0.00098924 0 0.327989
1144 0.000982097 0 0.32847
1146 0.000975018 0 0.32895
1148 0.000968003 0 0.329428
1150 0.000961052 0 0.329906
1152 0.000954163 0 0.330382
1154 0.000947337 0 0.330858
1156 0.000940572 0 0.331333
1158 0.000933867 0 0.331806
1160 0.000927223 0 0.332279
1162 0.000920638 0 0.332751
1164 0.000914111 0 0.333221
1166 0.000907643 0 0.333691
1168 0.000901232 0 0.33416
1170 0.000894878 0 0.334628
1172 0.00088858 0 0.335095
1174 0.000882338 0 0.335561
1176 0.000876151 0 0.336026
1178 0.000870019 0 0.33649
1180 0.00086394 0 0.336953
1182 0.000857915 0 0.337415
1184 0.000851943 0 0.337877
1186 0.000846022 0 0.338337
1188 0.000840154 0 0.338796
1190 0.000834336 0 0.339255
1192 0.000828569 0 0.339713
1194 0.000822853 0 0.340169
1196 0.000817185 0 0.340625
1198 0.000811567 0 0.34108
1200 0.000805997 0 0.341534
1202 0.000800475 0 0.341987
1204 0.000795001 0 0.342439
1206 0.000789574 0 0.342891
1208 0.000784193 0 0.343341
1210 0.000778858 0 0.34379
1212 0.000773569 0 0.344239
1214 0.000768325 0 0.344687
1216 0.000763126 0 0.345134
1218 0.00075797 0 0.34558
1220 0.000752859 0 0.346025
1222 0.00074779 0 0.346469
1224 0.000742765 0 0.346912
1226 0.000737782 0 0.347355
1228 0.000732841 0 0.347797
1230 0.000727941 0 0.348237
1232 0.000723083 0 0.348677
1234 0.000718265 0 0.349116
1236 0.000713488 0 0.349555
1238 0.00070875 0 0.349992
1240 0.000704052 0 0.350429
1242 0.000699393 0 0.350864
1244 0.000694773 0 0.351299
1246 0.000690191 0 0.351733
1248 0.000685647 0 0.352166
1250 0.000681141 0 0.352599
1252 0.000676671 0 0.35303
1254 0.000672239 0 0.353461
1256 0.000667843 0 0.353891
1258 0.000663483 0 0.35432
1260 0.000659159 0 0.354748
1262 0.00065487 0 0.355176
1264 0.000650616 0 0.355603
1266 0.000646397 0 0.356028
1268 0.000642212 0 0.356454
1270 0.000638061 0 0.356878
1272 0.000633944 0 0.357301
1274 0.00062986 0 0.357724
1276 0.000625809 0 0.358146
1278 0.000621791 0 0.358567
1280 0.000617805 0 0.358987
1282 0.000613852 0 0.359407
1284 0.00060993 0 0.359825
1286 0.000606039 0 0.360243
1288 0.00060218 0 0.360661
1290 0.000598351 0 0.361077
1292 0.000594553 0 0.361493
1294 0.000590785 0 0.361908
1296 0.000587048 0 0.362322
1298 0.00058334 0 0.362735
1300 0.000579661 0 0.363148
1302 0.000576011 0 0.363559
1304 0.00057239 0 0.36397
1306 0.000568798 0 0.364381
1308 0.000565234 0 0.36479
1310 0.000561698 0 0.365199
1312 0.00055819 0 0.365607
1314 0.000554709 0 0.366014
1316 0.000551255 0 0.366421
1318 0.000547829 0 0.366827
1320 0.000544429 0 0.367232
1322 0.000541056 0 0.367636
1324 0.000537709 0 0.36804
1326 0.000534387 0 0.368443
1328 0.000531092 0 0.368845
1330 0.000527822 0 0.369247
1332 0.000524577 0 0.369647
1334 0.000521357 0 0.370047
1336 0.000518162 0 0.370447
1338 0.000514992 0 0.370845
1340 0.000511846 0 0.371243
1342 0.000508724 0 0.37164
1344 0.000505626 0 0.372037
1346 0.000502551 0 0.372432
1348 0.0004995 0 0.372827
1350 0.000496473 0 0.373222
1352 0.000493468 0 0.373615
1354 0.000490486 0 0.374008
1356 0.000487526 0 0.374401
1358 0.000484589 0 0.374792
1360 0.000481675 0 0.375183
1362 0.000478782 0 0.375573
1364 0.000475911 0 0.375963
1366 0.000473061 0 0.376352
1368 0.000470233 0 0.37674
1370 0.000467426 0 0.377127
1372 0.00046464 0 0.377514
1374 0.000461875 0 0.3779
1376 0.00045913 0 0.378285
1378 0.000456406 0 0.37867
1380 0.000453703 0 0.379054
1382 0.000451019 0 0.379438
1384 0.000448355 0 0.379821
1386 0.000445711 0 0.380203
1388 0.000443086 0 0.380584
1390 0.000440481 0 0.380965
1392 0.000437895 0 0.381345
1394 0.000435328 0 0.381724
1396 0.00043278 0 0.382103
1398 0.00043025 0 0.382481
1400 0.000427739 0 0.382859
1402 0.000425247 0 0.383236
1404 0.000422772 0 0.383612
1406 0.000420316 0 0.383988
1408 0.000417877 0 0.384363
1410 0.000415457 0 0.384737
1412 0.000413053 0 0.38511
1414 0.000410668 0 0.385484
1416 0.000408299 0 0.385856
1418 0.000405948 0 0.386228
1420 0.000403613 0 0.386599
1422 0.000401296 0 0.386969
1424 0.000398995 0 0.387339
1426 0.00039671 0 0.387708
1428 0.000394442 0 0.388077
1430 0.00039219 0 0.388445
1432 0.000389954 0 0.388813
1434 0.000387734 0 0.389179
1436 0.00038553 0 0.389546
1438 0.000383342 0 0.389911
1440 0.000381169 0 0.390276
1442 0.000379012 0 0.39064
1444 0.00037687 0 0.391004
1446 0.000374743 0 0.391367
1448 0.000372631 0 0.39173
1450 0.000370534 0 0.392092
1452 0.000368452 0 0.392453
1454 0.000366384 0 0.392814
1456 0.000364331 0 0.393174
1458 0.000362293 0 0.393534
1460 0.000360268 0 0.393893
1462 0.000358258 0 0.394251
1464 0.000356262 0 0.394609
1466 0.00035428 0 0.394966
1468 0.000352311 0 0.395323
1470 0.000350356 0 0.395679
1472 0.000348415 0 0.396034
1474 0.000346487 0 0.396389
1476 0.000344573 0 0.396743
1478 0.000342672 0 0.397097
1480 0.000340784 0 0.39745
1482 0.000338908 0 0.397803
1484 0.000337046 0 0.398155
1486 0.000335197 0 0.398506
1488 0.00033336 0 0.398857
1490 0.000331536 0 0.399207
1492 0.000329725 0 0.399557
1494 0.000327925 0 0.399906
1496 0.000326138 0 0.400255
1498 0.000324364 0 0.400603
1500 0.000322601 0 0.40095
1502 0.00032085 0 0.401297
1504 0.000319111 0 0.401644
1506 0.000317384 0 0.40199
1508 0.000315669 0 0.402335
1510 0.000313965 0 0.40268
1512 0.000312273 0 0.403024
1514 0.000310592 0 0.403367
1516 0.000308922 0 0.40371
1518 0.000307264 0 0.404053
1520 0.000305617 0 0.404395
1522 0.00030398 0 0.404736
1524 0.000302355 0 0.405077
1526 0.000300741 0 0.405418
1528 0.000299137 0 0.405758
1530 0.000297544 0 0.406097
1532 0.000295962 0 0.406436
1534 0.00029439 0 0.406774
1536 0.000292829 0 0.407112
1538 0.000291277 0 0.407449
1540 0.000289737 0 0.407786
1542 0.000288206 0 0.408122
1544 0.000286685 0 0.408457
1546 0.000285175 0 0.408792
1548 0.000283674 0 0.409127
1550 0.000282184 0 0.409461
1552 0.000280703 0 0.409795
1554 0.000279232 0 0.410128
1556 0.00027777 0 0.41046
1558 0.000276318 0 0.410792
1560 0.000274875 0 0.411124
1562 0.000273442 0 0.411455
1564 0.000272018 0 0.411785
1566 0.000270604 0 0.412115
1568 0.000269198 0 0.412445
1570 0.000267802 0 0.412774
1572 0.000266415 0 0.413102
1574 0.000265037 0 0.41343
1576 0.000263667 0 0.413757
1578 0.000262307 0 0.414084
1580 0.000260955 0 0.414411
1582 0.000259612 0 0.414737
1584 0.000258277 0 0.415062
1586 0.000256951 0 0.415387
1588 0.000255634 0 0.415712
1590 0.000254325 0 0.416036
1592 0.000253024 0 0.416359
1594 0.000251732 0 0.416682
1596 0.000250448 0 0.417005
1598 0.000249172 0 0.417327
1600 0.000247904 0 0.417648
1602 0.000246644 0 0.417969
1604 0.000245393 0 0.41829
1606 0.000244149 0 0.41861
1608 0.000242913 0 0.41893
1610 0.000241684 0 0.419249
1612 0.000240464 0 0.419567
1614 0.000239251 0 0.419886
1616 0.000238046 0 0.420203
1618 0.000236848 0 0.420521
1620 0.000235658 0 0.420837
1622 0.000234476 0 0.421154
1624 0.000233301 0 0.42147
1626 0.000232133 0 0.421785
1628 0.000230972 0 0.4221
1630 0.000229819 0 0.422414
1632 0.000228672 0 0.422728
1634 0.000227533 0 0.423042
1636 0.000226401 0 0.423355
1638 0.000225276 0 0.423667
1640 0.000224158 0 0.42398
1642 0.000223047 0 0.424291
1644 0.000221943 0 0.424602
1646 0.000220846 0 0.424913
1648 0.000219755 0 0.425224
1650 0.000218671 0 0.425533
1652 0.000217594 0 0.425843
1654 0.000216523 0 0.426152
1656 0.000215459 0 0.42646
1658 0.000214401 0 0.426768
1660 0.00021335 0 0.427076
1662 0.000212305 0 0.427383
1664 0.000211267 0 0.42769
1666 0.000210235 0 0.427996
1668 0.000209209 0 0.428302
1670 0.000208189 0 0.428607
1672 0.000207176 0 0.428912
1674 0.000206169 0 0.429217
1676 0.000205168 0 0.429521
1678 0.000204173 0 0.429825
1680 0.000203184 0 0.430128
1682 0.0002022 0 0.430431
1684 0.000201223 0 0.430733
1686 0.000200252 0 0.431035
1688 0.000199286 0 0.431336
1690 0.000198327 0 0.431637
1692 0.000197373 0 0.431938
1694 0.000196424 0 0.432238
1696 0.000195482 0 0.432538
1698 0.000194545 0 0.432837
1700 0.000193614 0 0.433136
1702 0.000192688 0 0.433435
1704 0.000191767 0 0.433733
1706 0.000190853 0 0.434031
1708 0.000189943 0 0.434328
1710 0.000189039 0 0.434625
1712 0.00018814 0 0.434921
1714 0.000187247 0 0.435217
1716 0.000186359 0 0.435513
1718 0.000185476 0 0.435808
1720 0.000184598 0 0.436103
1722 0.000183726 0 0.436397
1724 0.000182858 0 0.436691
1726 0.000181996 0 0.436984
1728 0.000181139 0 0.437278
1730 0.000180287 0 0.43757
1732 0.000179439 0 0.437863
1734 0.000178597 0 0.438154
1736 0.00017776 0 0.438446
1738 0.000176927 0 0.438737
1740 0.000176099 0 0.439028
1742 0.000175276 0 0.439318
1744 0.000174458 0 0.439608
1746 0.000173645 0 0.439897
1748 0.000172836 0 0.440186
1750 0.000172032 0 0.440475
1752 0.000171233 0 0.440763
1754 0.000170438 0 0.441051
1756 0.000169648 0 0.441339
1758 0.000168863 0 0.441626
1760 0.000168081 0 0.441913
1762 0.000167305 0 0.442199
1764 0.000166533 0 0.442485
1766 0.000165765 0 0.44277
1768 0.000165002 0 0.443056
1770 0.000164243 0 0.44334
1772 0.000163488 0 0.443625
1774 0.000162738 0 0.443909
1776 0.000161992 0 0.444192
1778 0.00016125 0 0.444476
1780 0.000160512 0 0.444758
1782 0.000159779 0 0.445041
1784 0.000159049 0 0.445323
1786 0.000158324 0 0.445605
1788 0.000157603 0 0.445886
1790 0.000156886 0 0.446167
1792 0.000156173 0 0.446448
1794 0.000155464 0 0.446728
1796 0.000154759 0 0.447008
1798 0.000154058 0 0.447287
1800 0.000153361 0 0.447566
1802 0.000152668 0 0.447845
1804 0.000151979 0 0.448123
1806 0.000151294 0 0.448401
1808 0.000150612 0 0.448679
1810 0.000149934 0 0.448956
1812 0.00014926 0 0.449233
1814 0.00014859 0 0.449509
1816 0.000147923 0 0.449785
1818 0.000147261 0 0.450061
1820 0.000146602 0 0.450337
1822 0.000145946 0 0.450612
1824 0.000145294 0 0.450886
1826 0.000144646 0 0.451161
1828 0.000144001 0 0.451434
1830 0.00014336 0 0.451708
1832 0.000142723 0 0.451981
1834 0.000142089 0 0.452254
1836 0.000141458 0 0.452527
1838 0.000140831 0 0.452799
1840 0.000140207 0 0.453071
1842 0.000139587 0 0.453342
1844 0.00013897 0 0.453613
1846 0.000138357 0 0.453884
1848 0.000137746 0 0.454154
1850 0.00013714 0 0.454424
1852 0.000136536 0 0.454694
1854 0.000135936 0 0.454963
1856 0.000135339 0 0.455232
1858 0.000134745 0 0.455501
1860 0.000134155 0 0.455769
1862 0.000133567 0 0.456037
1864 0.000132983 0 0.456305
1866 0.000132402 0 0.456572
1868 0.000131824 0 0.456839
1870 0.00013125 0 0.457105
1872 0.000130678 0 0.457372
1874 0.00013011 0 0.457638
1876 0.000129544 0 0.457903
1878 0.000128982 0 0.458168
1880 0.000128422 0 0.458433
1882 0.000127866 0 0.458698
1884 0.000127312 0 0.458962
1886 0.000126762 0 0.459226
1888 0.000126214 0 0.459489
1890 0.00012567 0 0.459752
1892 0.000125128 0 0.460015
1894 0.000124589 0 0.460278
1896 0.000124053 0 0.46054
1898 0.00012352 0 0.460802
1900 0.000122989 0 0.461063
1902 0.000122462 0 0.461324
1904 0.000121937 0 0.461585
1906 0.000121415 0 0.461846
1908 0.000120896 0 0.462106
1910 0.00012038 0 0.462366
1912 0.000119866 0 0.462625
1914 0.000119355 0 0.462885
1916 0.000118847 0 0.463144
1918 0.000118341 0 0.463402
1920 0.000117838 0 0.46366
1922 0.000117338 0 0.463918
1924 0.00011684 0 0.464176
1926 0.000116345 0 0.464433
1928 0.000115852 0 0.46469
1930 0.000115362 0 0.464947
1932 0.000114875 0 0.465203
1934 0.00011439 0 0.465459
1936 0.000113907 0 0.465715
1938 0.000113427 0 0.46597
1940 0.00011295 0 0.466225
1942 0.000112475 0 0.46648
1944 0.000112003 0 0.466734
1946 0.000111533 0 0.466988
1948 0.000111065 0 0.467242
1950 0.0001106 0 0.467496
1952 0.000110137 0 0.467749
1954 0.000109677 0 0.468002
1956 0.000109219 0 0.468254
1958 0.000108763 0 0.468507
1960 0.00010831 0 0.468759
1962 0.000107859 0 0.46901
1964 0.00010741 0 0.469261
1966 0.000106964 0 0.469512
1968 0.00010652 0 0.469763
1970 0.000106078 0 0.470014
1972 0.000105638 0 0.470264
1974 0.000105201 0 0.470513
1976 0.000104766 0 0.470763
1978 0.000104333 0 0.471012
1980 0.000103902 0 0.471261
1982 0.000103474 0 0.47151
1984 0.000103047 0 0.471758
1986 0.000102623 0 0.472006
1988 0.000102201 0 0.472254
1990 0.000101781 0 0.472501
1992 0.000101363 0 0.472748
1994 0.000100948 0 0.472995
1996 0.000100534 0 0.473241
1998 0.000100123 0 0.473488
2000 9.97133e-05 0 0.473733
