2 2.39368 1 0
4 1.67949 1 0
6 1.36309 1 0
8 1.17448 1 0
10 1.04577 1 0
12 0.950755 1 0
14 0.876911 1 0
16 0.817387 1 0
18 0.768083 1 0
20 0.726373 1 0
22 0.690489 1 0
24 0.659189 1 0
26 0.631574 1 0
28 0.606974 1 0
30 0.584876 1 0
32 0.564884 1 0
34 0.546683 1 0
36 0.530021 1 0
38 0.514692 1 0
40 0.500527 1 0
42 0.487387 1 0
44 0.475153 1 0
46 0.463726 1 0
48 0.453021 1 0
50 0.442965 1 0
52 0.433494 1 0
54 0.424555 1 0
56 0.416099 1 0
58 0.408084 1 0
60 0.400474 1 0
62 0.393235 1 0
64 0.386337 1 0
66 0.379756 1 0
68 0.373467 1 0
70 0.36745 1 0
72 0.361685 1 0
74 0.356156 1 0
76 0.350846 1 0
78 0.345742 1 0
80 0.34083 1 0
82 0.336099 1 0
84 0.331539 1 0
86 0.327138 1 0
88 0.322888 1 0
90 0.318781 1 0
92 0.314808 1 0
94 0.310963 1 0
96 0.307238 1 0
98 0.303628 1 0
100 0.300127 1 0
102 0.29673 1 0
104 0.293431 1 0
106 0.290225 1 0
108 0.28711 1 0
110 0.284079 1 0
112 0.28113 1 0
114 0.278259 1 0
116 0.275463 1 0
118 0.272738 1 0
120 0.270082 1 0
122 0.267491 1 0
124 0.264963 1 0
126 0.262495 1 0
128 0.260086 1 0
130 0.257732 1 0
132 0.255432 1 0
134 0.253184 1 0
136 0.250985 1 0
138 0.248835 1 0
140 0.24673 1 0
142 0.244671 1 0
144 0.242654 1 0
146 0.240679 1 0
148 0.238744 1 0
150 0.236848 1 0
152 0.198534 0 0.00136048
154 0.147657 0 0.00368665
156 0.109385 0 0.00604513
158 0.0807491 0 0.00843219
160 0.0594264 0 0.0108445
162 0.0436162 0 0.0132788
164 0.031937 0 0.0157326
166 0.0233376 0 0.018203
168 0.0170239 0 0.0206879
170 0.0124 0 0.023185
172 0.00902092 0 0.0256924
174 0.00655607 0 0.0282082
176 0.00476092 0 0.0307308
178 0.00345523 0 0.0332586
180 0.00250656 0 0.0357903
182 0.00181788 0 0.0383246
184 0.00131828 0 0.0408602
186 0.000956002 0 0.043396
188 0.000693395 0 0.045931
190 0.000503063 0 0.0484644
192 0.000365118 0 0.0509952
194 0.000265128 0 0.0535226
196 0.000192633 0 0.0560459
198 0.000140055 0 0.0585644
200 0.000101904 0 0.0610776
202 7.42059e-05 0 0.0635847
204 5.40846e-05 0 0.0660854
206 3.94569e-05 0 0.0685791
208 2.88145e-05 0 0.0710654
210 2.10649e-05 0 0.0735438
212 1.54167e-05 0 0.076014
214 1.1296e-05 0 0.0784757
216 8.28657e-06 0 0.0809284
218 6.0864e-06 0 0.0833721
220 4.47606e-06 0 0.0858062
222 3.29604e-06 0 0.0882307
224 2.43032e-06 0 0.0906454
226 1.7944e-06 0 0.0930499
228 1.32669e-06 0 0.0954442
230 9.82253e-07 0 0.097828
232 7.2826e-07 0 0.100201
234 5.40713e-07 0 0.102564
236 4.0204e-07 0 0.104916
238 2.99364e-07 0 0.107256
240 2.23235e-07 0 0.109586
242 1.6671e-07 0 0.111905
244 1.24681e-07 0 0.114212
246 9.33853e-08 0 0.116509
248 7.00488e-08 0 0.118794
250 5.2622e-08 0 0.121068
252 3.95895e-08 0 0.12333
254 2.9829e-08 0 0.125581
256 2.25084e-08 0 0.127821
258 1.70097e-08 0 0.130049
260 1.28734e-08 0 0.132266
262 9.75741e-09 0 0.134471
264 7.40662e-09 0 0.136665
266 5.63051e-09 0 0.138848
268 4.28662e-09 0 0.141019
270 3.2683e-09 0 0.143179
272 2.49554e-09 0 0.145328
274 1.90828e-09 0 0.147465
276 1.46133e-09 0 0.149591
278 1.12069e-09 0 0.151706
280 8.60698e-10 0 0.15381
282 6.61969e-10 0 0.155903
284 5.09853e-10 0 0.157984
286 3.9325e-10 0 0.160054
288 3.03744e-10 0 0.162114
290 2.34939e-10 0 0.164162
292 1.81975e-10 0 0.1662
294 1.41147e-10 0 0.168226
296 1.0963e-10 0 0.170242
298 8.52679e-11 0 0.172247
300 6.641e-11 0 0.174242
302 5.1793e-11 0 0.176225
304 4.04476e-11 0 0.178199
306 3.16298e-11 0 0.180161
308 2.47673e-11 0 0.182114
310 1.94193e-11 0 0.184055
312 1.52461e-11 0 0.185987
314 1.19853e-11 0 0.187908
316 9.4341e-12 0 0.189819
318 7.43551e-12 0 0.19172
320 5.8678e-12 0 0.193611
322 4.6365e-12 0 0.195492
324 3.66818e-12 0 0.197363
326 2.90572e-12 0 0.199224
328 2.3046e-12 0 0.201076
330 1.83008e-12 0 0.202917
332 1.45505e-12 0 0.204749
334 1.15827e-12 0 0.206572
336 9.23136e-13 0 0.208384
338 7.36613e-13 0 0.210188
340 5.88476e-13 0 0.211982
342 4.70683e-13 0 0.213766
344 3.76908e-13 0 0.215542
346 3.02166e-13 0 0.217308
348 2.42524e-13 0 0.219065
350 1.94877e-13 0 0.220813
352 1.56768e-13 0 0.222552
354 1.26253e-13 0 0.224282
356 1.01791e-13 0 0.226003
358 8.21601e-14 0 0.227716
360 6.63877e-14 0 0.229419
362 5.37017e-14 0 0.231114
364 4.34868e-14 0 0.232801
366 3.52528e-14 0 0.234479
368 2.86082e-14 0 0.236148
370 2.32406e-14 0 0.237809
372 1.88999e-14 0 0.239461
374 1.53859e-14 0 0.241106
376 1.25382e-14 0 0.242742
378 1.0228e-14 0 0.24437
380 8.35198e-15 0 0.24599
382 6.82693e-15 0 0.247601
384 5.58593e-15 0 0.249205
386 4.57506e-15 0 0.250801
388 3.75082e-15 0 0.252389
390 3.07808e-15 0 0.253969
392 2.52845e-15 0 0.255542
394 2.07896e-15 0 0.257107
396 1.71102e-15 0 0.258664
398 1.40952e-15 0 0.260213
400 1.16225e-15 0 0.261756
402 9.5925e-16 0 0.26329
404 7.9244e-16 0 0.264817
406 6.55238e-16 0 0.266337
408 5.42286e-16 0 0.26785
410 4.49211e-16 0 0.269355
412 3.72445e-16 0 0.270854
414 3.09072e-16 0 0.272345
416 2.5671e-16 0 0.273829
418 2.13405e-16 0 0.275306
420 1.77561e-16 0 0.276776
422 1.47864e-16 0 0.278239
424 1.2324e-16 0 0.279695
426 1.02804e-16 0 0.281145
428 8.5829e-17 0 0.282587
430 7.17171e-17 0 0.284023
432 5.99752e-17 0 0.285453
434 5.01972e-17 0 0.286875
436 4.20478e-17 0 0.288292
438 3.52501e-17 0 0.289701
440 2.95751e-17 0 0.291105
442 2.48337e-17 0 0.292501
444 2.08689e-17 0 0.293892
446 1.7551e-17 0 0.295276
448 1.47722e-17 0 0.296654
450 1.2443e-17 0 0.298025
452 1.04891e-17 0 0.299391
454 8.8488e-18 0 0.30075
456 7.4707e-18 0 0.302103
458 6.31197e-18 0 0.303451
460 5.33696e-18 0 0.304792
462 4.51592e-18 0 0.306127
464 3.824e-18 0 0.307457
466 3.24047e-18 0 0.30878
468 2.74798e-18 0 0.310098
470 2.33202e-18 0 0.31141
472 1.98044e-18 0 0.312716
474 1.68306e-18 0 0.314016
476 1.43135e-18 0 0.315311
478 1.21813e-18 0 0.3166
480 1.0374e-18 0 0.317884
482 8.84092e-19 0 0.319162
484 7.53957e-19 0 0.320434
486 6.43415e-19 0 0.321701
488 5.49451e-19 0 0.322963
490 4.69524e-19 0 0.324219
492 4.01492e-19 0 0.32547
494 3.43544e-19 0 0.326716
496 2.94153e-19 0 0.327956
498 2.52027e-19 0 0.329192
500 2.16074e-19 0 0.330421
502 1.85369e-19 0 0.331646
504 1.59129e-19 0 0.332866
506 1.36689e-19 0 0.334081
508 1.17488e-19 0 0.33529
510 1.01048e-19 0 0.336495
512 8.69615e-20 0 0.337694
514 7.48851e-20 0 0.338889
516 6.45252e-20 0 0.340079
518 5.56323e-20 0 0.341264
520 4.7994e-20 0 0.342444
522 4.14292e-20 0 0.343619
524 3.57837e-20 0 0.344789
526 3.09258e-20 0 0.345955
528 2.6743e-20 0 0.347116
530 2.31395e-20 0 0.348272
532 2.00331e-20 0 0.349424
534 1.73537e-20 0 0.350571
536 1.50413e-20 0 0.351713
538 1.30444e-20 0 0.352851
540 1.1319e-20 0 0.353985
542 9.82728e-21 0 0.355114
544 8.53692e-21 0 0.356238
546 7.42008e-21 0 0.357358
548 6.45288e-21 0 0.358474
550 5.61482e-21 0 0.359585
552 4.88824e-21 0 0.360692
554 4.25797e-21 0 0.361794
556 3.71095e-21 0 0.362893
558 3.23591e-21 0 0.363987
560 2.82318e-21 0 0.365077
562 2.46437e-21 0 0.366162
564 2.15229e-21 0 0.367244
566 1.8807e-21 0 0.368321
568 1.64422e-21 0 0.369394
570 1.43821e-21 0 0.370463
572 1.25865e-21 0 0.371528
574 1.10206e-21 0 0.372589
576 9.65435e-22 0 0.373646
578 8.46167e-22 0 0.374699
580 7.42e-22 0 0.375748
582 6.50975e-22 0 0.376793
584 5.71395e-22 0 0.377835
586 5.01786e-22 0 0.378872
588 4.40869e-22 0 0.379905
590 3.87532e-22 0 0.380935
592 3.4081e-22 0 0.381961
594 2.99862e-22 0 0.382983
596 2.63957e-22 0 0.384001
598 2.3246e-22 0 0.385016
600 2.04816e-22 0 0.386026
602 1.80543e-22 0 0.387034
604 1.59219e-22 0 0.388037
606 1.40477e-22 0 0.389037
608 1.23997e-22 0 0.390033
610 1.095e-22 0 0.391026
612 9.67407e-23 0 0.392015
614 8.5506e-23 0 0.393
616 7.56093e-23 0 0.393982
618 6.68873e-23 0 0.39496
620 5.91972e-23 0 0.395935
622 5.24139e-23 0 0.396907
624 4.64277e-23 0 0.397875
626 4.11428e-23 0 0.398839
628 3.6475e-23 0 0.3998
630 3.23503e-23 0 0.400758
632 2.87041e-23 0 0.401713
634 2.54795e-23 0 0.402664
636 2.26265e-23 0 0.403611
638 2.01012e-23 0 0.404556
640 1.78651e-23 0 0.405497
642 1.58841e-23 0 0.406435
644 1.41286e-23 0 0.40737
646 1.25721e-23 0 0.408301
648 1.11915e-23 0 0.409229
650 9.9665e-24 0 0.410154
652 8.87909e-24 0 0.411076
654 7.91342e-24 0 0.411995
656 7.05552e-24 0 0.412911
658 6.29307e-24 0 0.413823
660 5.61517e-24 0 0.414733
662 5.01222e-24 0 0.415639
664 4.47571e-24 0 0.416542
666 3.99815e-24 0 0.417442
668 3.57288e-24 0 0.41834
670 3.19404e-24 0 0.419234
672 2.85644e-24 0 0.420125
674 2.55546e-24 0 0.421013
676 2.28703e-24 0 0.421899
678 2.04755e-24 0 0.422781
680 1.83381e-24 0 0.42366
682 1.64298e-24 0 0.424537
684 1.47254e-24 0 0.425411
686 1.32024e-24 0 0.426281
688 1.18412e-24 0 0.427149
690 1.06241e-24 0 0.428014
692 9.53543e-25 0 0.428877
694 8.5613e-25 0 0.429736
696 7.68936e-25 0 0.430593
698 6.90861e-25 0 0.431447
700 6.20926e-25 0 0.432298
702 5.58261e-25 0 0.433146
704 5.0209e-25 0 0.433992
706 4.51724e-25 0 0.434835
708 4.06546e-25 0 0.435676
710 3.66009e-25 0 0.436513
712 3.29623e-25 0 0.437348
714 2.96953e-25 0 0.43818
716 2.67608e-25 0 0.43901
718 2.41242e-25 0 0.439837
720 2.17544e-25 0 0.440662
722 1.96237e-25 0 0.441483
724 1.77074e-25 0 0.442303
726 1.59833e-25 0 0.44312
728 1.44317e-25 0 0.443934
730 1.30348e-25 0 0.444745
732 1.17768e-25 0 0.445554
734 1.06436e-25 0 0.446361
736 9.62237e-26 0 0.447165
738 8.70183e-26 0 0.447967
740 7.87177e-26 0 0.448766
742 7.12306e-26 0 0.449563
744 6.44753e-26 0 0.450357
746 5.83783e-26 0 0.451149
748 5.28737e-26 0 0.451938
750 4.79024e-26 0 0.452725
752 4.34115e-26 0 0.45351
754 3.93533e-26 0 0.454292
756 3.56849e-26 0 0.455072
758 3.2368e-26 0 0.45585
760 2.93679e-26 0 0.456625
762 2.66536e-26 0 0.457398
764 2.41972e-26 0 0.458168
766 2.19734e-26 0 0.458937
768 1.99597e-26 0 0.459702
770 1.81357e-26 0 0.460466
772 1.6483e-26 0 0.461228
774 1.49852e-26 0 0.461987
776 1.36272e-26 0 0.462744
778 1.23958e-26 0 0.463498
780 1.12787e-26 0 0.464251
782 1.02652e-26 0 0.465001
784 9.34523e-27 0 0.465749
786 8.51006e-27 0 0.466495
788 7.75163e-27 0 0.467239
790 7.06269e-27 0 0.46798
792 6.43671e-27 0 0.46872
794 5.86777e-27 0 0.469457
796 5.35054e-27 0 0.470192
798 4.8802e-27 0 0.470925
800 4.45236e-27 0 0.471656
802 4.0631e-27 0 0.472385
804 3.70883e-27 0 0.473112
806 3.38633e-27 0 0.473836
808 3.09266e-27 0 0.474559
810 2.82519e-27 0 0.475279
812 2.58151e-27 0 0.475998
814 2.35944e-27 0 0.476714
816 2.15702e-27 0 0.477429
818 1.97246e-27 0 0.478141
820 1.80414e-27 0 0.478851
822 1.6506e-27 0 0.47956
824 1.51049e-27 0 0.480266
826 1.38262e-27 0 0.480971
828 1.26589e-27 0 0.481673
830 1.15929e-27 0 0.482374
832 1.06192e-27 0 0.483072
834 9.72972e-28 0 0.483769
836 8.91685e-28 0 0.484463
838 8.17385e-28 0 0.485156
840 7.49454e-28 0 0.485847
842 6.8733e-28 0 0.486536
844 6.30505e-28 0 0.487223
846 5.78514e-28 0 0.487908
848 5.30933e-28 0 0.488592
850 4.87379e-28 0 0.489273
852 4.47501e-28 0 0.489953
854 4.1098e-28 0 0.49063
856 3.77526e-28 0 0.491306
858 3.46874e-28 0 0.49198
860 3.18783e-28 0 0.492653
862 2.93034e-28 0 0.493323
864 2.69424e-28 0 0.493992
866 2.47772e-28 0 0.494659
868 2.27911e-28 0 0.495324
870 2.09688e-28 0 0.495987
872 1.92964e-28 0 0.496648
874 1.77614e-28 0 0.497308
876 1.6352e-28 0 0.497966
878 1.50577e-28 0 0.498623
880 1.38689e-28 0 0.499277
882 1.27766e-28 0 0.49993
884 1.17729e-28 0 0.500581
886 1.08504e-28 0 0.50123
888 1.00023e-28 0 0.501878
890 9.22239e-29 0 0.502524
892 8.5051e-29 0 0.503168
894 7.84524e-29 0 0.503811
896 7.23809e-29 0 0.504452
898 6.6793e-29 0 0.505091
900 6.16492e-29 0 0.505729
902 5.69133e-29 0 0.506365
904 5.25519e-29 0 0.506999
906 4.85346e-29 0 0.507632
908 4.48335e-29 0 0.508263
910 4.1423e-29 0 0.508892
912 3.82796e-29 0 0.50952
914 3.53818e-29 0 0.510146
916 3.27099e-29 0 0.510771
918 3.02457e-29 0 0.511394
920 2.79727e-29 0 0.512015
922 2.58756e-29 0 0.512635
924 2.39403e-29 0 0.513254
926 2.21542e-29 0 0.51387
928 2.05052e-29 0 0.514486
930 1.89827e-29 0 0.515099
932 1.75765e-29 0 0.515711
934 1.62777e-29 0 0.516322
936 1.50777e-29 0 0.516931
938 1.39688e-29 0 0.517539
940 1.29439e-29 0 0.518145
942 1.19964e-29 0 0.518749
944 1.11204e-29 0 0.519352
946 1.03102e-29 0 0.519954
948 9.56088e-30 0 0.520554
950 8.86763e-30 0 0.521152
952 8.22615e-30 0 0.521749
954 7.63248e-30 0 0.522345
956 7.08294e-30 0 0.522939
958 6.57415e-30 0 0.523532
960 6.10302e-30 0 0.524123
962 5.66666e-30 0 0.524713
964 5.26245e-30 0 0.525301
966 4.88794e-30 0 0.525888
968 4.54088e-30 0 0.526474
970 4.21921e-30 0 0.527058
972 3.92102e-30 0 0.52764
974 3.64454e-30 0 0.528222
976 3.38815e-30 0 0.528801
978 3.15034e-30 0 0.52938
980 2.92973e-30 0 0.529957
982 2.72503e-30 0 0.530533
984 2.53507e-30 0 0.531107
986 2.35876e-30 0 0.53168
988 2.19508e-30 0 0.532252
990 2.04311e-30 0 0.532822
992 1.90197e-30 0 0.533391
994 1.77089e-30 0 0.533958
996 1.64911e-30 0 0.534524
998 1.53596e-30 0 0.535089
1000 1.43082e-30 0 0.535653
1002 1.33309e-30 0 0.536215
1004 1.24224e-30 0 0.536776
1006 1.15777e-30 0 0.537335
1008 1.07922e-30 0 0.537894
1010 1.00616e-30 0 0.538451
1012 9.38199e-31 0 0.539006
1014 8.7497e-31 0 0.539561
1016 8.16133e-31 0 0.540114
1018 7.61374e-31 0 0.540666
1020 7.10402e-31 0 0.541216
1022 6.62947e-31 0 0.541765
1024 6.18759e-31 0 0.542313
1026 5.77608e-31 0 0.54286
1028 5.39277e-31 0 0.543406
1030 5.03569e-31 0 0.54395
1032 4.70298e-31 0 0.544493
1034 4.39293e-31 0 0.545034
1036 4.10395e-31 0 0.545575
1038 3.83457e-31 0 0.546114
1040 3.58342e-31 0 0.546652
1042 3.34922e-31 0 0.547189
1044 3.13081e-31 0 0.547725
1046 2.92708e-31 0 0.548259
1048 2.73701e-31 0 0.548792
1050 2.55967e-31 0 0.549324
1052 2.39418e-31 0 0.549855
1054 2.23972e-31 0 0.550385
1056 2.09554e-31 0 0.550913
1058 1.96092e-31 0 0.55144
1060 1.83522e-31 0 0.551967
1062 1.71783e-31 0 0.552491
1064 1.60818e-31 0 0.553015
1066 1.50575e-31 0 0.553538
1068 1.41005e-31 0 0.554059
1070 1.32062e-31 0 0.554579
1072 1.23703e-31 0 0.555098
1074 1.15891e-31 0 0.555616
1076 1.08587e-31 0 0.556133
1078 1.01758e-31 0 0.556649
1080 9.53713e-32 0 0.557163
1082 8.93984e-32 0 0.557677
1084 8.38113e-32 0 0.558189
1086 7.85842e-32 0 0.5587
1088 7.36934e-32 0 0.55921
1090 6.91165e-32 0 0.559719
1092 6.48328e-32 0 0.560227
1094 6.0823e-32 0 0.560734
1096 5.70689e-32 0 0.56124
1098 5.35538e-32 0 0.561744
1100 5.0262e-32 0 0.562248
1102 4.71789e-32 0 0.56275
1104 4.42909e-32 0 0.563251
1106 4.15853e-32 0 0.563752
1108 3.90501e-32 0 0.564251
1110 3.66744e-32 0 0.564749
1112 3.44477e-32 0 0.565246
1114 3.23606e-32 0 0.565742
1116 3.04038e-32 0 0.566237
1118 2.85692e-32 0 0.566731
1120 2.68487e-32 0 0.567224
1122 2.52351e-32 0 0.567715
1124 2.37216e-32 0 0.568206
1126 2.23017e-32 0 0.568696
1128 2.09695e-32 0 0.569185
1130 1.97194e-32 0 0.569672
1132 1.85462e-32 0 0.570159
1134 1.7445e-32 0 0.570644
1136 1.64112e-32 0 0.571129
1138 1.54407e-32 0 0.571613
1140 1.45294e-32 0 0.572095
1142 1.36736e-32 0 0.572577
1144 1.28698e-32 0 0.573057
1146 1.21147e-32 0 0.573537
1148 1.14054e-32 0 0.574015
1150 1.07389e-32 0 0.574493
1152 1.01126e-32 0 0.57497
1154 9.52398e-33 0 0.575445
1156 8.97073e-33 0 0.57592
1158 8.45064e-33 0 0.576393
1160 7.96167e-33 0 0.576866
1162 7.50189e-33 0 0.577338
1164 7.06952e-33 0 0.577809
1166 6.66286e-33 0 0.578278
1168 6.28034e-33 0 0.578747
1170 5.92049e-33 0 0.579215
1172 5.58191e-33 0 0.579682
1174 5.26332e-33 0 0.580148
1176 4.9635e-33 0 0.580613
1178 4.6813e-33 0 0.581077
1180 4.41566e-33 0 0.58154
1182 4.16558e-33 0 0.582003
1184 3.93012e-33 0 0.582464
1186 3.7084e-33 0 0.582924
1188 3.49958e-33 0 0.583384
1190 3.30291e-33 0 0.583842
1192 3.11764e-33 0 0.5843
1194 2.9431e-33 0 0.584757
1196 2.77864e-33 0 0.585212
1198 2.62367e-33 0 0.585667
1200 2.47763e-33 0 0.586121
1202 2.33997e-33 0 0.586574
1204 2.21021e-33 0 0.587026
1206 2.08788e-33 0 0.587478
1208 1.97254e-33 0 0.587928
1210 1.86377e-33 0 0.588378
1212 1.7612e-33 0 0.588826
1214 1.66445e-33 0 0.589274
1216 1.57319e-33 0 0.589721
1218 1.4871e-33 0 0.590167
1220 1.40587e-33 0 0.590612
1222 1.32922e-33 0 0.591056
1224 1.25689e-33 0 0.5915
1226 1.18862e-33 0 0.591942
1228 1.12418e-33 0 0.592384
1230 1.06334e-33 0 0.592825
1232 1.00591e-33 0 0.593265
1234 9.51674e-34 0 0.593704
1236 9.0046e-34 0 0.594142
1238 8.52093e-34 0 0.594579
1240 8.06408e-34 0 0.595016
1242 7.63252e-34 0 0.595452
1244 7.22481e-34 0 0.595886
1246 6.83959e-34 0 0.596321
1248 6.47557e-34 0 0.596754
1250 6.13157e-34 0 0.597186
1252 5.80643e-34 0 0.597618
1254 5.4991e-34 0 0.598048
1256 5.20856e-34 0 0.598478
1258 4.93388e-34 0 0.598907
1260 4.67416e-34 0 0.599336
1262 4.42855e-34 0 0.599763
1264 4.19628e-34 0 0.60019
1266 3.97658e-34 0 0.600616
1268 3.76877e-34 0 0.601041
1270 3.57217e-34 0 0.601465
1272 3.38616e-34 0 0.601889
1274 3.21015e-34 0 0.602311
1276 3.0436e-34 0 0.602733
1278 2.88597e-34 0 0.603154
1280 2.73677e-34 0 0.603574
1282 2.59553e-34 0 0.603994
1284 2.46183e-34 0 0.604413
1286 2.33524e-34 0 0.604831
1288 2.21537e-34 0 0.605248
1290 2.10186e-34 0 0.605664
1292 1.99436e-34 0 0.60608
1294 1.89253e-34 0 0.606495
1296 1.79608e-34 0 0.606909
1298 1.7047e-34 0 0.607322
1300 1.61812e-34 0 0.607735
1302 1.53609e-34 0 0.608147
1304 1.45835e-34 0 0.608558
1306 1.38468e-34 0 0.608968
1308 1.31485e-34 0 0.609378
1310 1.24866e-34 0 0.609786
1312 1.18591e-34 0 0.610194
1314 1.12642e-34 0 0.610602
1316 1.07002e-34 0 0.611008
1318 1.01653e-34 0 0.611414
1320 9.65798e-35 0 0.611819
1322 9.17686e-35 0 0.612224
1324 8.7205e-35 0 0.612627
1326 8.28759e-35 0 0.61303
1328 7.87688e-35 0 0.613432
1330 7.4872e-35 0 0.613834
1332 7.11744e-35 0 0.614235
1334 6.76654e-35 0 0.614635
1336 6.43352e-35 0 0.615034
1338 6.11743e-35 0 0.615432
1340 5.81739e-35 0 0.61583
1342 5.53255e-35 0 0.616228
1344 5.26213e-35 0 0.616624
1346 5.00536e-35 0 0.61702
1348 4.76154e-35 0 0.617415
1350 4.52999e-35 0 0.617809
1352 4.31007e-35 0 0.618203
1354 4.10119e-35 0 0.618596
1356 3.90277e-35 0 0.618988
1358 3.71426e-35 0 0.61938
1360 3.53517e-35 0 0.61977
1362 3.365e-35 0 0.620161
1364 3.20329e-35 0 0.62055
1366 3.04962e-35 0 0.620939
1368 2.90356e-35 0 0.621327
1370 2.76473e-35 0 0.621714
1372 2.63277e-35 0 0.622101
1374 2.50731e-35 0 0.622487
1376 2.38803e-35 0 0.622873
1378 2.27461e-35 0 0.623258
1380 2.16676e-35 0 0.623642
1382 2.0642e-35 0 0.624025
1384 1.96665e-35 0 0.624408
1386 1.87387e-35 0 0.62479
1388 1.78561e-35 0 0.625171
1390 1.70165e-35 0 0.625552
1392 1.62177e-35 0 0.625932
1394 1.54576e-35 0 0.626312
1396 1.47344e-35 0 0.62669
1398 1.40461e-35 0 0.627069
1400 1.33911e-35 0 0.627446
1402 1.27676e-35 0 0.627823
1404 1.21742e-35 0 0.628199
1406 1.16092e-35 0 0.628575
1408 1.10714e-35 0 0.62895
1410 1.05593e-35 0 0.629324
1412 1.00717e-35 0 0.629698
1414 9.60736e-36 0 0.630071
1416 9.16516e-36 0 0.630443
1418 8.74399e-36 0 0.630815
1420 8.34284e-36 0 0.631186
1422 7.9607e-36 0 0.631557
1424 7.59666e-36 0 0.631927
1426 7.24983e-36 0 0.632296
1428 6.91937e-36 0 0.632664
1430 6.60448e-36 0 0.633032
1432 6.30441e-36 0 0.6334
1434 6.01842e-36 0 0.633767
1436 5.74586e-36 0 0.634133
1438 5.48605e-36 0 0.634498
1440 5.23838e-36 0 0.634863
1442 5.00228e-36 0 0.635228
1444 4.77718e-36 0 0.635591
1446 4.56255e-36 0 0.635955
1448 4.35789e-36 0 0.636317
1450 4.16272e-36 0 0.636679
1452 3.97659e-36 0 0.63704
1454 3.79906e-36 0 0.637401
1456 3.62973e-36 0 0.637761
1458 3.4682e-36 0 0.638121
1460 3.3141e-36 0 0.63848
1462 3.16708e-36 0 0.638838
1464 3.02681e-36 0 0.639196
1466 2.89296e-36 0 0.639553
1468 2.76523e-36 0 0.63991
1470 2.64333e-36 0 0.640266
1472 2.52699e-36 0 0.640621
1474 2.41594e-36 0 0.640976
1476 2.30994e-36 0 0.641331
1478 2.20875e-36 0 0.641684
1480 2.11214e-36 0 0.642037
1482 2.0199e-36 0 0.64239
1484 1.93182e-36 0 0.642742
1486 1.84772e-36 0 0.643093
1488 1.7674e-36 0 0.643444
1490 1.6907e-36 0 0.643795
1492 1.61744e-36 0 0.644144
1494 1.54745e-36 0 0.644493
1496 1.48061e-36 0 0.644842
1498 1.41674e-36 0 0.64519
1500 1.35573e-36 0 0.645538
1502 1.29743e-36 0 0.645885
1504 1.24173e-36 0 0.646231
1506 1.1885e-36 0 0.646577
1508 1.13762e-36 0 0.646922
1510 1.08901e-36 0 0.647267
1512 1.04254e-36 0 0.647611
1514 9.98116e-37 0 0.647955
1516 9.55654e-37 0 0.648298
1518 9.1506e-37 0 0.64864
1520 8.7625e-37 0 0.648982
1522 8.39142e-37 0 0.649324
1524 8.03659e-37 0 0.649665
1526 7.69728e-37 0 0.650005
1528 7.37279e-37 0 0.650345
1530 7.06245e-37 0 0.650684
1532 6.76562e-37 0 0.651023
1534 6.48169e-37 0 0.651361
1536 6.21009e-37 0 0.651699
1538 5.95026e-37 0 0.652036
1540 5.70167e-37 0 0.652373
1542 5.46383e-37 0 0.652709
1544 5.23625e-37 0 0.653045
1546 5.01847e-37 0 0.65338
1548 4.81006e-37 0 0.653714
1550 4.61061e-37 0 0.654048
1552 4.41971e-37 0 0.654382
1554 4.23698e-37 0 0.654715
1556 4.06207e-37 0 0.655047
1558 3.89463e-37 0 0.655379
1560 3.73433e-37 0 0.655711
1562 3.58086e-37 0 0.656042
1564 3.43391e-37 0 0.656372
1566 3.2932e-37 0 0.656702
1568 3.15845e-37 0 0.657032
1570 3.02941e-37 0 0.657361
1572 2.90582e-37 0 0.657689
1574 2.78744e-37 0 0.658017
1576 2.67406e-37 0 0.658345
1578 2.56544e-37 0 0.658672
1580 2.4614e-37 0 0.658998
1582 2.36171e-37 0 0.659324
1584 2.26621e-37 0 0.659649
1586 2.17469e-37 0 0.659974
1588 2.08701e-37 0 0.660299
1590 2.00298e-37 0 0.660623
1592 1.92245e-37 0 0.660946
1594 1.84527e-37 0 0.661269
1596 1.77129e-37 0 0.661592
1598 1.70039e-37 0 0.661914
1600 1.63242e-37 0 0.662235
1602 1.56726e-37 0 0.662557
1604 1.50479e-37 0 0.662877
1606 1.4449e-37 0 0.663197
1608 1.38747e-37 0 0.663517
1610 1.33241e-37 0 0.663836
1612 1.27961e-37 0 0.664155
1614 1.22897e-37 0 0.664473
1616 1.18041e-37 0 0.664791
1618 1.13383e-37 0 0.665108
1620 1.08915e-37 0 0.665425
1622 1.0463e-37 0 0.665741
1624 1.00519e-37 0 0.666057
1626 9.65749e-38 0 0.666372
1628 9.27911e-38 0 0.666687
1630 8.91607e-38 0 0.667002
1632 8.56774e-38 0 0.667315
1634 8.23348e-38 0 0.667629
1636 7.91272e-38 0 0.667942
1638 7.60488e-38 0 0.668255
1640 7.30945e-38 0 0.668567
1642 7.02588e-38 0 0.668878
1644 6.7537e-38 0 0.66919
1646 6.49244e-38 0 0.6695
1648 6.24163e-38 0 0.669811
1650 6.00085e-38 0 0.670121
1652 5.76968e-38 0 0.67043
1654 5.54773e-38 0 0.670739
1656 5.33461e-38 0 0.671048
1658 5.12996e-38 0 0.671356
1660 4.93344e-38 0 0.671663
1662 4.74471e-38 0 0.67197
1664 4.56346e-38 0 0.672277
1666 4.38936e-38 0 0.672583
1668 4.22215e-38 0 0.672889
1670 4.06152e-38 0 0.673195
1672 3.90722e-38 0 0.6735
1674 3.75899e-38 0 0.673804
1676 3.61657e-38 0 0.674108
1678 3.47974e-38 0 0.674412
1680 3.34827e-38 0 0.674715
1682 3.22194e-38 0 0.675018
1684 3.10054e-38 0 0.67532
1686 2.98388e-38 0 0.675622
1688 2.87176e-38 0 0.675924
1690 2.764e-38 0 0.676225
1692 2.66043e-38 0 0.676525
1694 2.56087e-38 0 0.676826
1696 2.46517e-38 0 0.677125
1698 2.37317e-38 0 0.677425
1700 2.28472e-38 0 0.677724
1702 2.19969e-38 0 0.678022
1704 2.11793e-38 0 0.67832
1706 2.03932e-38 0 0.678618
1708 1.96372e-38 0 0.678915
1710 1.89103e-38 0 0.679212
1712 1.82113e-38 0 0.679508
1714 1.75389e-38 0 0.679804
1716 1.68923e-38 0 0.6801
1718 1.62704e-38 0 0.680395
1720 1.56721e-38 0 0.68069
1722 1.50966e-38 0 0.680984
1724 1.4543e-38 0 0.681278
1726 1.40104e-38 0 0.681572
1728 1.3498e-38 0 0.681865
1730 1.3005e-38 0 0.682158
1732 1.25307e-38 0 0.68245
1734 1.20742e-38 0 0.682742
1736 1.1635e-38 0 0.683033
1738 1.12123e-38 0 0.683324
1740 1.08055e-38 0 0.683615
1742 1.0414e-38 0 0.683905
1744 1.00371e-38 0 0.684195
1746 9.67443e-39 0 0.684485
1748 9.32528e-39 0 0.684774
1750 8.98917e-39 0 0.685062
1752 8.66561e-39 0 0.685351
1754 8.3541e-39 0 0.685639
1756 8.05419e-39 0 0.685926
1758 7.76542e-39 0 0.686213
1760 7.48737e-39 0 0.6865
1762 7.21963e-39 0 0.686786
1764 6.9618e-39 0 0.687072
1766 6.7135e-39 0 0.687358
1768 6.47437e-39 0 0.687643
1770 6.24406e-39 0 0.687928
1772 6.02223e-39 0 0.688212
1774 5.80856e-39 0 0.688496
1776 5.60274e-39 0 0.68878
1778 5.40447e-39 0 0.689063
1780 5.21346e-39 0 0.689346
1782 5.02945e-39 0 0.689628
1784 4.85215e-39 0 0.68991
1786 4.68133e-39 0 0.690192
1788 4.51674e-39 0 0.690473
1790 4.35813e-39 0 0.690754
1792 4.2053e-39 0 0.691035
1794 4.05801e-39 0 0.691315
1796 3.91606e-39 0 0.691595
1798 3.77926e-39 0 0.691874
1800 3.6474e-39 0 0.692153
1802 3.52031e-39 0 0.692432
1804 3.3978e-39 0 0.69271
1806 3.27971e-39 0 0.692988
1808 3.16586e-39 0 0.693266
1810 3.05611e-39 0 0.693543
1812 2.9503e-39 0 0.69382
1814 2.84828e-39 0 0.694097
1816 2.74991e-39 0 0.694373
1818 2.65506e-39 0 0.694648
1820 2.5636e-39 0 0.694924
1822 2.4754e-39 0 0.695199
1824 2.39035e-39 0 0.695473
1826 2.30832e-39 0 0.695748
1828 2.2292e-39 0 0.696022
1830 2.15289e-39 0 0.696295
1832 2.07929e-39 0 0.696569
1834 2.00829e-39 0 0.696841
1836 1.93981e-39 0 0.697114
1838 1.87374e-39 0 0.697386
1840 1.81e-39 0 0.697658
1842 1.74851e-39 0 0.697929
1844 1.68918e-39 0 0.6982
1846 1.63193e-39 0 0.698471
1848 1.5767e-39 0 0.698741
1850 1.5234e-39 0 0.699012
1852 1.47196e-39 0 0.699281
1854 1.42233e-39 0 0.699551
1856 1.37442e-39 0 0.69982
1858 1.32819e-39 0 0.700088
1860 1.28357e-39 0 0.700356
1862 1.2405e-39 0 0.700624
1864 1.19893e-39 0 0.700892
1866 1.1588e-39 0 0.701159
1868 1.12006e-39 0 0.701426
1870 1.08266e-39 0 0.701693
1872 1.04656e-39 0 0.701959
1874 1.0117e-39 0 0.702225
1876 9.78048e-40 0 0.70249
1878 9.45553e-40 0 0.702756
1880 9.14175e-40 0 0.70302
1882 8.83876e-40 0 0.703285
1884 8.54617e-40 0 0.703549
1886 8.26361e-40 0 0.703813
1888 7.99073e-40 0 0.704076
1890 7.72718e-40 0 0.70434
1892 7.47263e-40 0 0.704602
1894 7.22676e-40 0 0.704865
1896 6.98928e-40 0 0.705127
1898 6.75987e-40 0 0.705389
1900 6.53827e-40 0 0.705651
1902 6.32419e-40 0 0.705912
1904 6.11737e-40 0 0.706173
1906 5.91755e-40 0 0.706433
1908 5.7245e-40 0 0.706693
1910 5.53796e-40 0 0.706953
1912 5.35773e-40 0 0.707213
1914 5.18356e-40 0 0.707472
1916 5.01527e-40 0 0.707731
1918 4.85263e-40 0 0.707989
1920 4.69545e-40 0 0.708248
1922 4.54355e-40 0 0.708506
1924 4.39674e-40 0 0.708763
1926 4.25484e-40 0 0.70902
1928 4.11768e-40 0 0.709277
1930 3.9851e-40 0 0.709534
1932 3.85695e-40 0 0.70979
1934 3.73306e-40 0 0.710046
1936 3.6133e-40 0 0.710302
1938 3.49751e-40 0 0.710557
1940 3.38557e-40 0 0.710812
1942 3.27734e-40 0 0.711067
1944 3.17269e-40 0 0.711322
1946 3.07151e-40 0 0.711576
1948 2.97366e-40 0 0.71183
1950 2.87905e-40 0 0.712083
1952 2.78755e-40 0 0.712336
1954 2.69907e-40 0 0.712589
1956 2.61349e-40 0 0.712842
1958 2.53073e-40 0 0.713094
1960 2.45068e-40 0 0.713346
1962 2.37325e-40 0 0.713597
1964 2.29836e-40 0 0.713849
1966 2.22591e-40 0 0.7141
1968 2.15583e-40 0 0.71435
1970 2.08804e-40 0 0.714601
1972 2.02245e-40 0 0.714851
1974 1.959e-40 0 0.715101
1976 1.89761e-40 0 0.71535
1978 1.83821e-40 0 0.715599
1980 1.78074e-40 0 0.715848
1982 1.72513e-40 0 0.716097
1984 1.67132e-40 0 0.716345
1986 1.61925e-40 0 0.716593
1988 1.56886e-40 0 0.716841
1990 1.52009e-40 0 0.717088
1992 1.4729e-40 0 0.717335
1994 1.42722e-40 0 0.717582
1996 1.38301e-40 0 0.717829
1998 1.34022e-40 0 0.718075
2000 1.29879e-40 0 0.718321
