2 1.52399 1
4 1.07763 1
6 0.879878 1
8 0.761996 1
10 0.68155 1
12 0.622167 1
14 0.576015 1
16 0.538813 1
18 0.507998 1
20 0.481929 1
22 0.459501 1
24 0.439939 1
26 0.422679 1
28 0.407304 1
30 0.393493 1
32 0.380998 1
34 0.369623 1
36 0.359209 1
38 0.349628 1
40 0.340775 1
42 0.332562 1
44 0.324916 1
46 0.317774 1
48 0.311084 1
50 0.304799 1
52 0.29888 1
54 0.293293 1
56 0.288008 1
58 0.282998 1
60 0.278242 1
62 0.273717 1
64 0.269406 1
66 0.265293 1
68 0.261363 1
70 0.257602 1
72 0.253999 1
74 0.250543 1
76 0.247224 1
78 0.244034 1
80 0.240964 1
82 0.238008 1
84 0.235157 1
86 0.232407 1
88 0.229751 1
90 0.227183 1
92 0.2247 1
94 0.222297 1
96 0.219969 1
98 0.217713 1
100 0.215525 1
102 0.213402 1
104 0.21134 1
106 0.209336 1
108 0.17777 0
110 0.147958 0
112 0.123288 0
114 0.10286 0
116 0.085931 0
118 0.0718888 0
120 0.0602291 0
122 0.0505367 0
124 0.0424699 0
126 0.0357473 0
128 0.0301375 0
130 0.0254497 0
132 0.0215267 0
134 0.0182389 0
136 0.0154792 0
138 0.0131593 0
140 0.0112059 0
142 0.00955869 0
144 0.00816734 0
146 0.00699026 0
148 0.00599283 0
150 0.00514629 0
152 0.00442663 0
154 0.00381387 0
156 0.00329127 0
158 0.00284485 0
160 0.00246291 0
162 0.00213561 0
164 0.0018547 0
166 0.00161321 0
168 0.00140531 0
170 0.00122603 0
172 0.00107121 0
174 0.000937302 0
176 0.000821316 0
178 0.000720703 0
180 0.0006333 0
182 0.000557262 0
184 0.000491018 0
186 0.000433227 0
188 0.000382739 0
190 0.000338573 0
192 0.000299884 0
194 0.000265949 0
196 0.000236145 0
198 0.000209935 0
200 0.000186857 0
202 0.000166511 0
204 0.000148552 0
206 0.000132681 0
208 0.000118638 0
210 0.000106198 0
212 9.51658e-005 0
214 8.53704e-005 0
216 7.66635e-005 0
218 6.89157e-005 0
220 6.20139e-005 0
222 5.5859e-005 0
224 5.03646e-005 0
226 4.54546e-005 0
228 4.10624e-005 0
230 3.71295e-005 0
232 3.36043e-005 0
234 3.04415e-005 0
236 2.7601e-005 0
238 2.50477e-005 0
240 2.27504e-005 0
242 2.06814e-005 0
244 1.88165e-005 0
246 1.7134e-005 0
248 1.56146e-005 0
250 1.42415e-005 0
252 1.29994e-005 0
254 1.1875e-005 0
256 1.08562e-005 0
258 9.93232e-006 0
260 9.0939e-006 0
262 8.33239e-006 0
264 7.64021e-006 0
266 7.01057e-006 0
268 6.43736e-006 0
270 5.91515e-006 0
272 5.43903e-006 0
274 5.00464e-006 0
276 4.60802e-006 0
278 4.24563e-006 0
280 3.91429e-006 0
282 3.61113e-006 0
284 3.33355e-006 0
286 3.07924e-006 0
288 2.84608e-006 0
290 2.63218e-006 0
292 2.43581e-006 0
294 2.25543e-006 0
296 2.08963e-006 0
298 1.93714e-006 0
300 1.7968e-006 0
302 1.66756e-006 0
304 1.54848e-006 0
306 1.43869e-006 0
308 1.33741e-006 0
310 1.24392e-006 0
312 1.15758e-006 0
314 1.07779e-006 0
316 1.00402e-006 0
318 9.35772e-007 0
320 8.72603e-007 0
322 8.14101e-007 0
324 7.59894e-007 0
326 7.0964e-007 0
328 6.63026e-007 0
330 6.19767e-007 0
332 5.79601e-007 0
334 5.42288e-007 0
336 5.07609e-007 0
338 4.75361e-007 0
340 4.4536e-007 0
342 4.17437e-007 0
344 3.91434e-007 0
346 3.67209e-007 0
348 3.4463e-007 0
350 3.23575e-007 0
352 3.03932e-007 0
354 2.85599e-007 0
356 2.68482e-007 0
358 2.52491e-007 0
360 2.37547e-007 0
362 2.23575e-007 0
364 2.10507e-007 0
366 1.98279e-007 0
368 1.86832e-007 0
370 1.76112e-007 0
372 1.66069e-007 0
374 1.56657e-007 0
376 1.47831e-007 0
378 1.39553e-007 0
380 1.31785e-007 0
382 1.24494e-007 0
384 1.17647e-007 0
386 1.11215e-007 0
388 1.0517e-007 0
390 9.94876e-008 0
392 9.41436e-008 0
394 8.91161e-008 0
396 8.43847e-008 0
398 7.99304e-008 0
400 7.57355e-008 0
402 7.17836e-008 0
404 6.80592e-008 0
406 6.45482e-008 0
408 6.12371e-008 0
410 5.81135e-008 0
412 5.5166e-008 0
414 5.23836e-008 0
416 4.97562e-008 0
418 4.72745e-008 0
420 4.49295e-008 0
422 4.27132e-008 0
424 4.06177e-008 0
426 3.86359e-008 0
428 3.67611e-008 0
430 3.49869e-008 0
432 3.33075e-008 0
434 3.17172e-008 0
436 3.0211e-008 0
438 2.8784e-008 0
440 2.74316e-008 0
442 2.61495e-008 0
444 2.49339e-008 0
446 2.37808e-008 0
448 2.26868e-008 0
450 2.16486e-008 0
452 2.0663e-008 0
454 1.97272e-008 0
456 1.88384e-008 0
458 1.79939e-008 0
460 1.71915e-008 0
462 1.64287e-008 0
464 1.57035e-008 0
466 1.50138e-008 0
468 1.43578e-008 0
470 1.37335e-008 0
472 1.31394e-008 0
474 1.25738e-008 0
476 1.20353e-008 0
478 1.15223e-008 0
480 1.10337e-008 0
482 1.05681e-008 0
484 1.01243e-008 0
486 9.70119e-009 0
488 9.29776e-009 0
490 8.91299e-009 0
492 8.54592e-009 0
494 8.19566e-009 0
496 7.86137e-009 0
498 7.54225e-009 0
500 7.23754e-009 0
502 6.94653e-009 0
504 6.66854e-009 0
506 6.40294e-009 0
508 6.14911e-009 0
510 5.90648e-009 0
512 5.67452e-009 0
514 5.4527e-009 0
516 5.24055e-009 0
518 5.03758e-009 0
520 4.84338e-009 0
522 4.65752e-009 0
524 4.47961e-009 0
526 4.30928e-009 0
528 4.14617e-009 0
530 3.98994e-009 0
532 3.84028e-009 0
534 3.69688e-009 0
536 3.55945e-009 0
538 3.42773e-009 0
540 3.30144e-009 0
542 3.18035e-009 0
544 3.06421e-009 0
546 2.95281e-009 0
548 2.84593e-009 0
550 2.74338e-009 0
552 2.64495e-009 0
554 2.55046e-009 0
556 2.45975e-009 0
558 2.37264e-009 0
560 2.28898e-009 0
562 2.20861e-009 0
564 2.1314e-009 0
566 2.05721e-009 0
568 1.9859e-009 0
570 1.91736e-009 0
572 1.85147e-009 0
574 1.78811e-009 0
576 1.72717e-009 0
578 1.66856e-009 0
580 1.61217e-009 0
582 1.55792e-009 0
584 1.50571e-009 0
586 1.45546e-009 0
588 1.40709e-009 0
590 1.36052e-009 0
592 1.31567e-009 0
594 1.27248e-009 0
596 1.23088e-009 0
598 1.1908e-009 0
600 1.15218e-009 0
602 1.11497e-009 0
604 1.07911e-009 0
606 1.04454e-009 0
608 1.01121e-009 0
610 9.79071e-010 0
612 9.48079e-010 0
614 9.18188e-010 0
616 8.89355e-010 0
618 8.61537e-010 0
620 8.34695e-010 0
622 8.08792e-010 0
624 7.83791e-010 0
626 7.59658e-010 0
628 7.36359e-010 0
630 7.13863e-010 0
632 6.92138e-010 0
634 6.71156e-010 0
636 6.50888e-010 0
638 6.31308e-010 0
640 6.1239e-010 0
642 5.94108e-010 0
644 5.76441e-010 0
646 5.59363e-010 0
648 5.42855e-010 0
650 5.26894e-010 0
652 5.11461e-010 0
654 4.96536e-010 0
656 4.82101e-010 0
658 4.68138e-010 0
660 4.5463e-010 0
662 4.41561e-010 0
664 4.28914e-010 0
666 4.16675e-010 0
668 4.0483e-010 0
670 3.93363e-010 0
672 3.82262e-010 0
674 3.71513e-010 0
676 3.61105e-010 0
678 3.51026e-010 0
680 3.41263e-010 0
682 3.31806e-010 0
684 3.22645e-010 0
686 3.13768e-010 0
688 3.05167e-010 0
690 2.96831e-010 0
692 2.88753e-010 0
694 2.80922e-010 0
696 2.7333e-010 0
698 2.6597e-010 0
700 2.58833e-010 0
702 2.51912e-010 0
704 2.452e-010 0
706 2.3869e-010 0
708 2.32375e-010 0
710 2.26248e-010 0
712 2.20304e-010 0
714 2.14536e-010 0
716 2.08938e-010 0
718 2.03506e-010 0
720 1.98233e-010 0
722 1.93114e-010 0
724 1.88144e-010 0
726 1.83319e-010 0
728 1.78634e-010 0
730 1.74083e-010 0
732 1.69664e-010 0
734 1.65372e-010 0
736 1.61202e-010 0
738 1.57152e-010 0
740 1.53216e-010 0
742 1.49392e-010 0
744 1.45675e-010 0
746 1.42063e-010 0
748 1.38553e-010 0
750 1.3514e-010 0
752 1.31823e-010 0
754 1.28598e-010 0
756 1.25462e-010 0
758 1.22412e-010 0
760 1.19447e-010 0
762 1.16563e-010 0
764 1.13757e-010 0
766 1.11028e-010 0
768 1.08373e-010 0
770 1.05791e-010 0
772 1.03277e-010 0
774 1.00832e-010 0
776 9.84517e-011 0
778 9.61353e-011 0
780 9.38807e-011 0
782 9.1686e-011 0
784 8.95494e-011 0
786 8.74693e-011 0
788 8.54439e-011 0
790 8.34717e-011 0
792 8.15511e-011 0
794 7.96806e-011 0
796 7.78588e-011 0
798 7.60842e-011 0
800 7.43554e-011 0
802 7.26713e-011 0
804 7.10304e-011 0
806 6.94315e-011 0
808 6.78735e-011 0
810 6.63552e-011 0
812 6.48754e-011 0
814 6.3433e-011 0
816 6.20271e-011 0
818 6.06566e-011 0
820 5.93204e-011 0
822 5.80176e-011 0
824 5.67474e-011 0
826 5.55087e-011 0
828 5.43008e-011 0
830 5.31227e-011 0
832 5.19736e-011 0
834 5.08528e-011 0
836 4.97595e-011 0
838 4.86928e-011 0
840 4.76522e-011 0
842 4.66369e-011 0
844 4.56461e-011 0
846 4.46793e-011 0
848 4.37357e-011 0
850 4.28148e-011 0
852 4.1916e-011 0
854 4.10386e-011 0
856 4.01822e-011 0
858 3.9346e-011 0
860 3.85297e-011 0
862 3.77326e-011 0
864 3.69543e-011 0
866 3.61943e-011 0
868 3.5452e-011 0
870 3.47271e-011 0
872 3.40191e-011 0
874 3.33275e-011 0
876 3.26519e-011 0
878 3.19919e-011 0
880 3.13471e-011 0
882 3.07171e-011 0
884 3.01016e-011 0
886 2.95001e-011 0
888 2.89122e-011 0
890 2.83378e-011 0
892 2.77763e-011 0
894 2.72275e-011 0
896 2.66911e-011 0
898 2.61667e-011 0
900 2.56541e-011 0
902 2.51529e-011 0
904 2.46629e-011 0
906 2.41838e-011 0
908 2.37153e-011 0
910 2.32571e-011 0
912 2.28091e-011 0
914 2.23708e-011 0
916 2.19422e-011 0
918 2.1523e-011 0
920 2.11129e-011 0
922 2.07117e-011 0
924 2.03193e-011 0
926 1.99353e-011 0
928 1.95596e-011 0
930 1.9192e-011 0
932 1.88323e-011 0
934 1.84802e-011 0
936 1.81357e-011 0
938 1.77986e-011 0
940 1.74685e-011 0
942 1.71455e-011 0
944 1.68293e-011 0
946 1.65198e-011 0
948 1.62168e-011 0
950 1.59201e-011 0
952 1.56296e-011 0
954 1.53452e-011 0
956 1.50667e-011 0
958 1.4794e-011 0
960 1.45269e-011 0
962 1.42654e-011 0
964 1.40092e-011 0
966 1.37583e-011 0
968 1.35125e-011 0
970 1.32718e-011 0
972 1.30359e-011 0
974 1.28049e-011 0
976 1.25785e-011 0
978 1.23568e-011 0
980 1.21395e-011 0
982 1.19265e-011 0
984 1.17179e-011 0
986 1.15134e-011 0
988 1.1313e-011 0
990 1.11166e-011 0
992 1.09241e-011 0
994 1.07355e-011 0
996 1.05505e-011 0
998 1.03692e-011 0
1000 1.01915e-011 0
1002 1.00173e-011 0
1004 9.84645e-012 0
1006 9.67896e-012 0
1008 9.51475e-012 0
1010 9.35372e-012 0
1012 9.19582e-012 0
1014 9.04098e-012 0
1016 8.88912e-012 0
1018 8.74019e-012 0
1020 8.59412e-012 0
1022 8.45085e-012 0
1024 8.31032e-012 0
1026 8.17247e-012 0
1028 8.03724e-012 0
1030 7.90458e-012 0
1032 7.77443e-012 0
1034 7.64674e-012 0
1036 7.52146e-012 0
1038 7.39853e-012 0
1040 7.27791e-012 0
1042 7.15954e-012 0
1044 7.04339e-012 0
1046 6.9294e-012 0
1048 6.81752e-012 0
1050 6.70772e-012 0
1052 6.59996e-012 0
1054 6.49417e-012 0
1056 6.39034e-012 0
1058 6.28841e-012 0
1060 6.18836e-012 0
1062 6.09013e-012 0
1064 5.99369e-012 0
1066 5.899e-012 0
1068 5.80604e-012 0
1070 5.71476e-012 0
1072 5.62512e-012 0
1074 5.53711e-012 0
1076 5.45068e-012 0
1078 5.36579e-012 0
1080 5.28243e-012 0
1082 5.20056e-012 0
1084 5.12014e-012 0
1086 5.04116e-012 0
1088 4.96358e-012 0
1090 4.88737e-012 0
1092 4.81251e-012 0
1094 4.73896e-012 0
1096 4.66671e-012 0
1098 4.59573e-012 0
1100 4.52599e-012 0
1102 4.45746e-012 0
1104 4.39014e-012 0
1106 4.32398e-012 0
1108 4.25897e-012 0
1110 4.19508e-012 0
1112 4.1323e-012 0
1114 4.0706e-012 0
1116 4.00996e-012 0
1118 3.95036e-012 0
1120 3.89178e-012 0
1122 3.8342e-012 0
1124 3.7776e-012 0
1126 3.72197e-012 0
1128 3.66728e-012 0
1130 3.61351e-012 0
1132 3.56066e-012 0
1134 3.50869e-012 0
1136 3.4576e-012 0
1138 3.40737e-012 0
1140 3.35797e-012 0
1142 3.30941e-012 0
1144 3.26165e-012 0
1146 3.21469e-012 0
1148 3.1685e-012 0
1150 3.12309e-012 0
1152 3.07842e-012 0
1154 3.03449e-012 0
1156 2.99128e-012 0
1158 2.94878e-012 0
1160 2.90698e-012 0
1162 2.86586e-012 0
1164 2.82542e-012 0
1166 2.78563e-012 0
1168 2.74649e-012 0
1170 2.70798e-012 0
1172 2.6701e-012 0
1174 2.63283e-012 0
1176 2.59616e-012 0
1178 2.56008e-012 0
1180 2.52457e-012 0
1182 2.48964e-012 0
1184 2.45526e-012 0
1186 2.42144e-012 0
1188 2.38815e-012 0
1190 2.35539e-012 0
1192 2.32315e-012 0
1194 2.29141e-012 0
1196 2.26018e-012 0
1198 2.22944e-012 0
1200 2.19919e-012 0
1202 2.16941e-012 0
1204 2.14009e-012 0
1206 2.11124e-012 0
1208 2.08283e-012 0
1210 2.05486e-012 0
1212 2.02733e-012 0
1214 2.00023e-012 0
1216 1.97354e-012 0
1218 1.94726e-012 0
1220 1.9214e-012 0
1222 1.89592e-012 0
1224 1.87084e-012 0
1226 1.84614e-012 0
1228 1.82182e-012 0
1230 1.79787e-012 0
1232 1.77429e-012 0
1234 1.75106e-012 0
1236 1.72818e-012 0
1238 1.70565e-012 0
1240 1.68346e-012 0
1242 1.66161e-012 0
1244 1.64008e-012 0
1246 1.61888e-012 0
1248 1.59799e-012 0
1250 1.57741e-012 0
1252 1.55714e-012 0
1254 1.53718e-012 0
1256 1.51751e-012 0
1258 1.49813e-012 0
1260 1.47904e-012 0
1262 1.46023e-012 0
1264 1.44169e-012 0
1266 1.42343e-012 0
1268 1.40544e-012 0
1270 1.38771e-012 0
1272 1.37024e-012 0
1274 1.35303e-012 0
1276 1.33606e-012 0
1278 1.31935e-012 0
1280 1.30287e-012 0
1282 1.28663e-012 0
1284 1.27063e-012 0
1286 1.25486e-012 0
1288 1.23932e-012 0
1290 1.22399e-012 0
1292 1.20889e-012 0
1294 1.19401e-012 0
1296 1.17933e-012 0
1298 1.16487e-012 0
1300 1.15061e-012 0
1302 1.13656e-012 0
1304 1.1227e-012 0
1306 1.10904e-012 0
1308 1.09557e-012 0
1310 1.0823e-012 0
1312 1.06921e-012 0
1314 1.0563e-012 0
1316 1.04357e-012 0
1318 1.03103e-012 0
1320 1.01865e-012 0
1322 1.00645e-012 0
1324 9.94421e-013 0
1326 9.82557e-013 0
1328 9.70858e-013 0
1330 9.5932e-013 0
1332 9.47942e-013 0
1334 9.3672e-013 0
1336 9.25653e-013 0
1338 9.14738e-013 0
1340 9.03972e-013 0
1342 8.93353e-013 0
1344 8.8288e-013 0
1346 8.72549e-013 0
1348 8.62358e-013 0
1350 8.52306e-013 0
1352 8.4239e-013 0
1354 8.32608e-013 0
1356 8.22958e-013 0
1358 8.13439e-013 0
1360 8.04047e-013 0
1362 7.94781e-013 0
1364 7.8564e-013 0
1366 7.76621e-013 0
1368 7.67722e-013 0
1370 7.58942e-013 0
1372 7.50279e-013 0
1374 7.4173e-013 0
1376 7.33295e-013 0
1378 7.24972e-013 0
1380 7.16758e-013 0
1382 7.08653e-013 0
1384 7.00655e-013 0
1386 6.92761e-013 0
1388 6.84971e-013 0
1390 6.77283e-013 0
1392 6.69696e-013 0
1394 6.62207e-013 0
1396 6.54816e-013 0
1398 6.47521e-013 0
1400 6.40321e-013 0
1402 6.33214e-013 0
1404 6.26199e-013 0
1406 6.19274e-013 0
1408 6.12438e-013 0
1410 6.05691e-013 0
1412 5.99029e-013 0
1414 5.92454e-013 0
1416 5.85962e-013 0
1418 5.79553e-013 0
1420 5.73226e-013 0
1422 5.6698e-013 0
1424 5.60813e-013 0
1426 5.54723e-013 0
1428 5.48711e-013 0
1430 5.42775e-013 0
1432 5.36914e-013 0
1434 5.31127e-013 0
1436 5.25412e-013 0
1438 5.19769e-013 0
1440 5.14197e-013 0
1442 5.08694e-013 0
1444 5.0326e-013 0
1446 4.97894e-013 0
1448 4.92595e-013 0
1450 4.87361e-013 0
1452 4.82192e-013 0
1454 4.77087e-013 0
1456 4.72046e-013 0
1458 4.67066e-013 0
1460 4.62148e-013 0
1462 4.5729e-013 0
1464 4.52491e-013 0
1466 4.47752e-013 0
1468 4.4307e-013 0
1470 4.38446e-013 0
1472 4.33878e-013 0
1474 4.29365e-013 0
1476 4.24907e-013 0
1478 4.20504e-013 0
1480 4.16153e-013 0
1482 4.11856e-013 0
1484 4.0761e-013 0
1486 4.03415e-013 0
1488 3.9927e-013 0
1490 3.95176e-013 0
1492 3.9113e-013 0
1494 3.87133e-013 0
1496 3.83183e-013 0
1498 3.79281e-013 0
1500 3.75425e-013 0
1502 3.71614e-013 0
1504 3.67849e-013 0
1506 3.64129e-013 0
1508 3.60453e-013 0
1510 3.5682e-013 0
1512 3.53229e-013 0
1514 3.49681e-013 0
1516 3.46175e-013 0
1518 3.4271e-013 0
1520 3.39285e-013 0
1522 3.35901e-013 0
1524 3.32555e-013 0
1526 3.29249e-013 0
1528 3.25981e-013 0
1530 3.22752e-013 0
1532 3.19559e-013 0
1534 3.16404e-013 0
1536 3.13285e-013 0
1538 3.10202e-013 0
1540 3.07154e-013 0
1542 3.04142e-013 0
1544 3.01164e-013 0
1546 2.9822e-013 0
1548 2.9531e-013 0
1550 2.92433e-013 0
1552 2.89589e-013 0
1554 2.86778e-013 0
1556 2.83998e-013 0
1558 2.8125e-013 0
1560 2.78533e-013 0
1562 2.75847e-013 0
1564 2.73191e-013 0
1566 2.70565e-013 0
1568 2.67968e-013 0
1570 2.65401e-013 0
1572 2.62863e-013 0
1574 2.60353e-013 0
1576 2.57871e-013 0
1578 2.55417e-013 0
1580 2.5299e-013 0
1582 2.5059e-013 0
1584 2.48217e-013 0
1586 2.4587e-013 0
1588 2.4355e-013 0
1590 2.41254e-013 0
1592 2.38985e-013 0
1594 2.3674e-013 0
1596 2.3452e-013 0
1598 2.32324e-013 0
1600 2.30153e-013 0
1602 2.28005e-013 0
1604 2.25881e-013 0
1606 2.2378e-013 0
1608 2.21702e-013 0
1610 2.19647e-013 0
1612 2.17614e-013 0
1614 2.15603e-013 0
1616 2.13613e-013 0
1618 2.11646e-013 0
1620 2.09699e-013 0
1622 2.07774e-013 0
1624 2.05869e-013 0
1626 2.03985e-013 0
1628 2.02121e-013 0
1630 2.00277e-013 0
1632 1.98453e-013 0
1634 1.96649e-013 0
1636 1.94863e-013 0
1638 1.93097e-013 0
1640 1.91349e-013 0
1642 1.8962e-013 0
1644 1.87909e-013 0
1646 1.86217e-013 0
1648 1.84542e-013 0
1650 1.82885e-013 0
1652 1.81246e-013 0
1654 1.79624e-013 0
1656 1.78018e-013 0
1658 1.7643e-013 0
1660 1.74858e-013 0
1662 1.73303e-013 0
1664 1.71764e-013 0
1666 1.70241e-013 0
1668 1.68734e-013 0
1670 1.67243e-013 0
1672 1.65767e-013 0
1674 1.64307e-013 0
1676 1.62861e-013 0
1678 1.61431e-013 0
1680 1.60015e-013 0
1682 1.58614e-013 0
1684 1.57227e-013 0
1686 1.55855e-013 0
1688 1.54496e-013 0
1690 1.53152e-013 0
1692 1.51821e-013 0
1694 1.50504e-013 0
1696 1.492e-013 0
1698 1.4791e-013 0
1700 1.46633e-013 0
1702 1.45369e-013 0
1704 1.44117e-013 0
1706 1.42878e-013 0
1708 1.41652e-013 0
1710 1.40438e-013 0
1712 1.39237e-013 0
1714 1.38047e-013 0
1716 1.3687e-013 0
1718 1.35704e-013 0
1720 1.3455e-013 0
1722 1.33407e-013 0
1724 1.32276e-013 0
1726 1.31157e-013 0
1728 1.30048e-013 0
1730 1.2895e-013 0
1732 1.27864e-013 0
1734 1.26788e-013 0
1736 1.25723e-013 0
1738 1.24668e-013 0
1740 1.23624e-013 0
1742 1.2259e-013 0
1744 1.21566e-013 0
1746 1.20552e-013 0
1748 1.19548e-013 0
1750 1.18555e-013 0
1752 1.1757e-013 0
1754 1.16596e-013 0
1756 1.15631e-013 0
1758 1.14675e-013 0
1760 1.13729e-013 0
1762 1.12792e-013 0
1764 1.11864e-013 0
1766 1.10945e-013 0
1768 1.10035e-013 0
1770 1.09133e-013 0
1772 1.08241e-013 0
1774 1.07357e-013 0
1776 1.06481e-013 0
1778 1.05614e-013 0
1780 1.04756e-013 0
1782 1.03905e-013 0
1784 1.03063e-013 0
1786 1.02228e-013 0
1788 1.01402e-013 0
1790 1.00584e-013 0
1792 9.9773e-014 0
1794 9.89701e-014 0
1796 9.81747e-014 0
1798 9.7387e-014 0
1800 9.66066e-014 0
1802 9.58337e-014 0
1804 9.5068e-014 0
1806 9.43096e-014 0
1808 9.35583e-014 0
1810 9.28141e-014 0
1812 9.20768e-014 0
1814 9.13465e-014 0
1816 9.0623e-014 0
1818 8.99063e-014 0
1820 8.91963e-014 0
1822 8.84929e-014 0
1824 8.7796e-014 0
1826 8.71056e-014 0
1828 8.64217e-014 0
1830 8.5744e-014 0
1832 8.50727e-014 0
1834 8.44076e-014 0
1836 8.37486e-014 0
1838 8.30956e-014 0
1840 8.24487e-014 0
1842 8.18078e-014 0
1844 8.11727e-014 0
1846 8.05435e-014 0
1848 7.992e-014 0
1850 7.93022e-014 0
1852 7.86901e-014 0
1854 7.80835e-014 0
1856 7.74825e-014 0
1858 7.68869e-014 0
1860 7.62968e-014 0
1862 7.5712e-014 0
1864 7.51325e-014 0
1866 7.45583e-014 0
1868 7.39892e-014 0
1870 7.34253e-014 0
1872 7.28665e-014 0
1874 7.23127e-014 0
1876 7.17638e-014 0
1878 7.12199e-014 0
1880 7.06809e-014 0
1882 7.01467e-014 0
1884 6.96173e-014 0
1886 6.90926e-014 0
1888 6.85726e-014 0
1890 6.80572e-014 0
1892 6.75464e-014 0
1894 6.70401e-014 0
1896 6.65383e-014 0
1898 6.6041e-014 0
1900 6.5548e-014 0
1902 6.50595e-014 0
1904 6.45752e-014 0
1906 6.40952e-014 0
1908 6.36194e-014 0
1910 6.31478e-014 0
1912 6.26803e-014 0
1914 6.2217e-014 0
1916 6.17577e-014 0
1918 6.13024e-014 0
1920 6.08511e-014 0
1922 6.04037e-014 0
1924 5.99602e-014 0
1926 5.95205e-014 0
1928 5.90847e-014 0
1930 5.86527e-014 0
1932 5.82244e-014 0
1934 5.77998e-014 0
1936 5.73789e-014 0
1938 5.69616e-014 0
1940 5.65479e-014 0
1942 5.61378e-014 0
1944 5.57312e-014 0
1946 5.53281e-014 0
1948 5.49284e-014 0
1950 5.45322e-014 0
1952 5.41393e-014 0
1954 5.37498e-014 0
1956 5.33636e-014 0
1958 5.29808e-014 0
1960 5.26011e-014 0
1962 5.22247e-014 0
1964 5.18515e-014 0
1966 5.14815e-014 0
1968 5.11146e-014 0
1970 5.07507e-014 0
1972 5.039e-014 0
1974 5.00323e-014 0
1976 4.96776e-014 0
1978 4.93259e-014 0
1980 4.89771e-014 0
1982 4.86313e-014 0
1984 4.82884e-014 0
1986 4.79483e-014 0
1988 4.76111e-014 0
1990 4.72767e-014 0
1992 4.69451e-014 0
1994 4.66162e-014 0
1996 4.62901e-014 0
1998 4.59667e-014 0
2000 4.56459e-014 0
