2 2.39368 1 0
4 1.67949 1 0
6 1.36309 1 0
8 1.17448 1 0
10 1.04577 1 0
12 0.950755 1 0
14 0.876911 1 0
16 0.817387 1 0
18 0.768083 1 0
20 0.726373 1 0
22 0.690489 1 0
24 0.659189 1 0
26 0.631574 1 0
28 0.606974 1 0
30 0.584876 1 0
32 0.564884 1 0
34 0.546683 1 0
36 0.530021 1 0
38 0.514692 1 0
40 0.500527 1 0
42 0.487387 1 0
44 0.475153 1 0
46 0.463726 1 0
48 0.453021 1 0
50 0.442965 1 0
52 0.433494 1 0
54 0.424555 1 0
56 0.416099 1 0
58 0.408084 1 0
60 0.400474 1 0
62 0.393235 1 0
64 0.386337 1 0
66 0.379756 1 0
68 0.373467 1 0
70 0.36745 1 0
72 0.361685 1 0
74 0.356156 1 0
76 0.350846 1 0
78 0.345742 1 0
80 0.34083 1 0
82 0.336099 1 0
84 0.331539 1 0
86 0.327138 1 0
88 0.322888 1 0
90 0.318781 1 0
92 0.314808 1 0
94 0.310963 1 0
96 0.307238 1 0
98 0.303628 1 0
100 0.300127 1 0
102 0.29673 1 0
104 0.293431 1 0
106 0.290225 1 0
108 0.28711 1 0
110 0.284079 1 0
112 0.28113 1 0
114 0.278259 1 0
116 0.275463 1 0
118 0.272738 1 0
120 0.270082 1 0
122 0.267491 1 0
124 0.264963 1 0
126 0.262495 1 0
128 0.260086 1 0
130 0.257732 1 0
132 0.255432 1 0
134 0.253184 1 0
136 0.250985 1 0
138 0.248835 1 0
140 0.24673 1 0
142 0.244671 1 0
144 0.242654 1 0
146 0.240679 1 0
148 0.238744 1 0
150 0.236848 1 0
152 0.234989 1 0
154 0.233167 1 0
156 0.23138 1 0
158 0.229627 1 0
160 0.227907 1 0
162 0.226219 1 0
164 0.224562 1 0
166 0.222935 1 0
168 0.221337 1 0
170 0.219767 1 0
172 0.218225 1 0
174 0.21671 1 0
176 0.21522 1 0
178 0.213756 1 0
180 0.212316 1 0
182 0.2109 1 0
184 0.209507 1 0
186 0.208136 1 0
188 0.206788 1 0
190 0.20546 1 0
192 0.204154 1 0
194 0.202868 1 0
196 0.201601 1 0
198 0.200354 1 0
200 0.199126 1 0
202 0.197916 1 0
204 0.196723 1 0
206 0.195549 1 0
208 0.194391 1 0
210 0.193249 1 0
212 0.192124 1 0
214 0.191015 1 0
216 0.189921 1 0
218 0.188842 1 0
220 0.187778 1 0
222 0.186729 1 0
224 0.185693 1 0
226 0.184671 1 0
228 0.183663 1 0
230 0.182668 1 0
232 0.181686 1 0
234 0.180716 1 0
236 0.179759 1 0
238 0.178814 1 0
240 0.176492 0 0.000316928
242 0.16579 0 0.00263564
244 0.155779 0 0.00494318
246 0.146412 0 0.0072395
248 0.137646 0 0.00952456
250 0.12944 0 0.0117983
252 0.121758 0 0.0140607
254 0.114564 0 0.0163117
256 0.107826 0 0.0185514
258 0.101513 0 0.0207796
260 0.0955975 0 0.0229965
262 0.0900529 0 0.025202
264 0.0848549 0 0.027396
266 0.0799806 0 0.0295787
268 0.0754087 0 0.03175
270 0.0711194 0 0.03391
272 0.0670943 0 0.0360587
274 0.0633161 0 0.038196
276 0.0597689 0 0.0403221
278 0.0564376 0 0.042437
280 0.0533083 0 0.0445407
282 0.050368 0 0.0466332
284 0.0476045 0 0.0487147
286 0.0450066 0 0.0507851
288 0.0425636 0 0.0528444
290 0.0402656 0 0.0548928
292 0.0381036 0 0.0569304
294 0.0360688 0 0.058957
296 0.0341533 0 0.0609728
298 0.0323496 0 0.0629779
300 0.0306506 0 0.0649723
302 0.0290498 0 0.0669561
304 0.0275412 0 0.0689293
306 0.026119 0 0.0708921
308 0.0247778 0 0.0728443
310 0.0235127 0 0.0747862
312 0.022319 0 0.0767177
314 0.0211924 0 0.078639
316 0.0201287 0 0.0805502
318 0.0191243 0 0.0824511
320 0.0181754 0 0.0843421
322 0.0172787 0 0.086223
324 0.0164312 0 0.088094
326 0.0156299 0 0.0899551
328 0.014872 0 0.0918064
330 0.014155 0 0.0936481
332 0.0134765 0 0.09548
334 0.0128343 0 0.0973024
336 0.0122261 0 0.0991152
338 0.0116501 0 0.100919
340 0.0111043 0 0.102712
342 0.0105871 0 0.104497
344 0.0100967 0 0.106273
346 0.00963175 0 0.108039
348 0.0091907 0 0.109796
350 0.00877223 0 0.111544
352 0.00837506 0 0.113283
354 0.007998 0 0.115013
356 0.00763993 0 0.116734
358 0.0072998 0 0.118446
360 0.00697663 0 0.12015
362 0.00666947 0 0.121845
364 0.00637746 0 0.123531
366 0.00609978 0 0.125209
368 0.00583564 0 0.126879
370 0.00558432 0 0.12854
372 0.00534514 0 0.130192
374 0.00511744 0 0.131837
376 0.00490061 0 0.133473
378 0.0046941 0 0.135101
380 0.00449734 0 0.13672
382 0.00430984 0 0.138332
384 0.00413111 0 0.139936
386 0.0039607 0 0.141532
388 0.00379818 0 0.14312
390 0.00364314 0 0.1447
392 0.00349521 0 0.146273
394 0.00335403 0 0.147837
396 0.00321925 0 0.149395
398 0.00309055 0 0.150944
400 0.00296763 0 0.152486
402 0.0028502 0 0.154021
404 0.00273799 0 0.155548
406 0.00263075 0 0.157068
408 0.00252823 0 0.158581
410 0.00243019 0 0.160086
412 0.00233643 0 0.161584
414 0.00224673 0 0.163075
416 0.00216091 0 0.164559
418 0.00207877 0 0.166036
420 0.00200014 0 0.167506
422 0.00192485 0 0.16897
424 0.00185275 0 0.170426
426 0.00178369 0 0.171875
428 0.00171752 0 0.173318
430 0.00165411 0 0.174754
432 0.00159334 0 0.176183
434 0.00153508 0 0.177606
436 0.00147921 0 0.179022
438 0.00142563 0 0.180432
440 0.00137424 0 0.181835
442 0.00132492 0 0.183232
444 0.0012776 0 0.184622
446 0.00123218 0 0.186007
448 0.00118858 0 0.187384
450 0.00114672 0 0.188756
452 0.00110651 0 0.190122
454 0.00106789 0 0.191481
456 0.00103079 0 0.192834
458 0.000995141 0 0.194181
460 0.000960879 0 0.195523
462 0.000927944 0 0.196858
464 0.000896281 0 0.198187
466 0.000865834 0 0.199511
468 0.000836553 0 0.200828
470 0.000808386 0 0.20214
472 0.000781287 0 0.203446
474 0.000755212 0 0.204747
476 0.000730117 0 0.206042
478 0.000705962 0 0.207331
480 0.000682707 0 0.208614
482 0.000660315 0 0.209892
484 0.00063875 0 0.211165
486 0.000617979 0 0.212432
488 0.00059797 0 0.213694
490 0.00057869 0 0.21495
492 0.000560111 0 0.216201
494 0.000542205 0 0.217447
496 0.000524944 0 0.218687
498 0.000508302 0 0.219922
500 0.000492256 0 0.221152
502 0.00047678 0 0.222377
504 0.000461853 0 0.223597
506 0.000447453 0 0.224811
508 0.00043356 0 0.226021
510 0.000420153 0 0.227225
512 0.000407214 0 0.228425
514 0.000394724 0 0.22962
516 0.000382667 0 0.230809
518 0.000371025 0 0.231994
520 0.000359783 0 0.233174
522 0.000348925 0 0.234349
524 0.000338437 0 0.23552
526 0.000328305 0 0.236686
528 0.000318515 0 0.237847
530 0.000309055 0 0.239003
532 0.000299912 0 0.240155
534 0.000291074 0 0.241302
536 0.000282531 0 0.242444
538 0.000274271 0 0.243582
540 0.000266283 0 0.244715
542 0.000258558 0 0.245844
544 0.000251086 0 0.246969
546 0.000243859 0 0.248089
548 0.000236866 0 0.249204
550 0.0002301 0 0.250316
552 0.000223552 0 0.251423
554 0.000217215 0 0.252525
556 0.00021108 0 0.253623
558 0.000205142 0 0.254717
560 0.000199392 0 0.255807
562 0.000193825 0 0.256893
564 0.000188433 0 0.257974
566 0.000183211 0 0.259052
568 0.000178153 0 0.260125
570 0.000173252 0 0.261194
572 0.000168504 0 0.262259
574 0.000163903 0 0.26332
576 0.000159444 0 0.264377
578 0.000155123 0 0.26543
580 0.000150934 0 0.266479
582 0.000146872 0 0.267524
584 0.000142935 0 0.268565
586 0.000139117 0 0.269603
588 0.000135414 0 0.270636
590 0.000131823 0 0.271666
592 0.00012834 0 0.272692
594 0.000124961 0 0.273714
596 0.000121682 0 0.274732
598 0.000118501 0 0.275746
600 0.000115415 0 0.276757
602 0.000112419 0 0.277764
604 0.000109511 0 0.278768
606 0.000106688 0 0.279767
608 0.000103948 0 0.280764
610 0.000101288 0 0.281756
612 9.87045e-05 0 0.282745
614 9.61958e-05 0 0.283731
616 9.37593e-05 0 0.284713
618 9.13928e-05 0 0.285691
620 8.9094e-05 0 0.286666
622 8.68607e-05 0 0.287637
624 8.46909e-05 0 0.288605
626 8.25825e-05 0 0.28957
628 8.05336e-05 0 0.290531
630 7.85423e-05 0 0.291489
632 7.66068e-05 0 0.292443
634 7.47254e-05 0 0.293394
636 7.28964e-05 0 0.294342
638 7.11182e-05 0 0.295287
640 6.93892e-05 0 0.296228
642 6.77079e-05 0 0.297166
644 6.60727e-05 0 0.2981
646 6.44824e-05 0 0.299032
648 6.29355e-05 0 0.29996
650 6.14306e-05 0 0.300885
652 5.99667e-05 0 0.301807
654 5.85423e-05 0 0.302726
656 5.71563e-05 0 0.303641
658 5.58075e-05 0 0.304554
660 5.44949e-05 0 0.305463
662 5.32173e-05 0 0.30637
664 5.19737e-05 0 0.307273
666 5.07631e-05 0 0.308173
668 4.95845e-05 0 0.30907
670 4.8437e-05 0 0.309964
672 4.73197e-05 0 0.310856
674 4.62316e-05 0 0.311744
676 4.51719e-05 0 0.312629
678 4.41398e-05 0 0.313512
680 4.31346e-05 0 0.314391
682 4.21553e-05 0 0.315268
684 4.12012e-05 0 0.316141
686 4.02718e-05 0 0.317012
688 3.93661e-05 0 0.31788
690 3.84836e-05 0 0.318745
692 3.76235e-05 0 0.319607
694 3.67853e-05 0 0.320467
696 3.59684e-05 0 0.321324
698 3.5172e-05 0 0.322178
700 3.43957e-05 0 0.323029
702 3.36389e-05 0 0.323877
704 3.2901e-05 0 0.324723
706 3.21815e-05 0 0.325566
708 3.14799e-05 0 0.326406
710 3.07957e-05 0 0.327244
712 3.01284e-05 0 0.328079
714 2.94776e-05 0 0.328911
716 2.88427e-05 0 0.329741
718 2.82234e-05 0 0.330568
720 2.76192e-05 0 0.331392
722 2.70298e-05 0 0.332214
724 2.64546e-05 0 0.333033
726 2.58934e-05 0 0.33385
728 2.53457e-05 0 0.334664
730 2.48112e-05 0 0.335476
732 2.42896e-05 0 0.336285
734 2.37804e-05 0 0.337092
736 2.32834e-05 0 0.337896
738 2.27981e-05 0 0.338698
740 2.23245e-05 0 0.339497
742 2.1862e-05 0 0.340293
744 2.14104e-05 0 0.341088
746 2.09694e-05 0 0.34188
748 2.05388e-05 0 0.342669
750 2.01183e-05 0 0.343456
752 1.97075e-05 0 0.344241
754 1.93063e-05 0 0.345023
756 1.89144e-05 0 0.345803
758 1.85316e-05 0 0.34658
760 1.81576e-05 0 0.347356
762 1.77922e-05 0 0.348128
764 1.74352e-05 0 0.348899
766 1.70863e-05 0 0.349667
768 1.67454e-05 0 0.350433
770 1.64123e-05 0 0.351197
772 1.60867e-05 0 0.351958
774 1.57684e-05 0 0.352717
776 1.54574e-05 0 0.353474
778 1.51533e-05 0 0.354229
780 1.4856e-05 0 0.354982
782 1.45654e-05 0 0.355732
784 1.42813e-05 0 0.35648
786 1.40035e-05 0 0.357226
788 1.37319e-05 0 0.35797
790 1.34662e-05 0 0.358711
792 1.32064e-05 0 0.35945
794 1.29524e-05 0 0.360188
796 1.27039e-05 0 0.360923
798 1.24609e-05 0 0.361656
800 1.22231e-05 0 0.362387
802 1.19905e-05 0 0.363116
804 1.1763e-05 0 0.363842
806 1.15404e-05 0 0.364567
808 1.13226e-05 0 0.365289
810 1.11095e-05 0 0.36601
812 1.0901e-05 0 0.366728
814 1.06969e-05 0 0.367445
816 1.04972e-05 0 0.368159
818 1.03018e-05 0 0.368872
820 1.01105e-05 0 0.369582
822 9.92327e-06 0 0.37029
824 9.73999e-06 0 0.370997
826 9.56058e-06 0 0.371701
828 9.38494e-06 0 0.372404
830 9.21298e-06 0 0.373104
832 9.04462e-06 0 0.373803
834 8.87977e-06 0 0.374499
836 8.71835e-06 0 0.375194
838 8.56029e-06 0 0.375887
840 8.40549e-06 0 0.376578
842 8.25389e-06 0 0.377267
844 8.10542e-06 0 0.377954
846 7.96e-06 0 0.378639
848 7.81755e-06 0 0.379322
850 7.67802e-06 0 0.380004
852 7.54134e-06 0 0.380683
854 7.40743e-06 0 0.381361
856 7.27624e-06 0 0.382037
858 7.1477e-06 0 0.382711
860 7.02176e-06 0 0.383383
862 6.89836e-06 0 0.384054
864 6.77743e-06 0 0.384722
866 6.65893e-06 0 0.385389
868 6.54279e-06 0 0.386054
870 6.42897e-06 0 0.386718
872 6.31741e-06 0 0.387379
874 6.20807e-06 0 0.388039
876 6.10088e-06 0 0.388697
878 5.99582e-06 0 0.389353
880 5.89282e-06 0 0.390008
882 5.79185e-06 0 0.390661
884 5.69285e-06 0 0.391312
886 5.59579e-06 0 0.391961
888 5.50062e-06 0 0.392609
890 5.4073e-06 0 0.393255
892 5.31579e-06 0 0.393899
894 5.22605e-06 0 0.394542
896 5.13805e-06 0 0.395183
898 5.05174e-06 0 0.395822
900 4.96709e-06 0 0.396459
902 4.88406e-06 0 0.397095
904 4.80262e-06 0 0.39773
906 4.72273e-06 0 0.398362
908 4.64437e-06 0 0.398994
910 4.56749e-06 0 0.399623
912 4.49207e-06 0 0.400251
914 4.41807e-06 0 0.400877
916 4.34546e-06 0 0.401502
918 4.27423e-06 0 0.402125
920 4.20433e-06 0 0.402746
922 4.13573e-06 0 0.403366
924 4.06842e-06 0 0.403984
926 4.00236e-06 0 0.404601
928 3.93753e-06 0 0.405216
930 3.8739e-06 0 0.40583
932 3.81145e-06 0 0.406442
934 3.75015e-06 0 0.407053
936 3.68998e-06 0 0.407662
938 3.63092e-06 0 0.408269
940 3.57294e-06 0 0.408875
942 3.51601e-06 0 0.40948
944 3.46013e-06 0 0.410083
946 3.40526e-06 0 0.410684
948 3.35139e-06 0 0.411284
950 3.2985e-06 0 0.411883
952 3.24656e-06 0 0.41248
954 3.19556e-06 0 0.413076
956 3.14547e-06 0 0.41367
958 3.09629e-06 0 0.414262
960 3.04799e-06 0 0.414854
962 3.00054e-06 0 0.415443
964 2.95395e-06 0 0.416032
966 2.90818e-06 0 0.416619
968 2.86323e-06 0 0.417204
970 2.81907e-06 0 0.417788
972 2.7757e-06 0 0.418371
974 2.73308e-06 0 0.418952
976 2.69122e-06 0 0.419532
978 2.65009e-06 0 0.420111
980 2.60968e-06 0 0.420688
982 2.56998e-06 0 0.421263
984 2.53097e-06 0 0.421838
986 2.49264e-06 0 0.422411
988 2.45498e-06 0 0.422982
990 2.41796e-06 0 0.423553
992 2.38159e-06 0 0.424121
994 2.34584e-06 0 0.424689
996 2.31071e-06 0 0.425255
998 2.27619e-06 0 0.42582
1000 2.24225e-06 0 0.426384
1002 2.20889e-06 0 0.426946
1004 2.1761e-06 0 0.427507
1006 2.14387e-06 0 0.428066
1008 2.11219e-06 0 0.428624
1010 2.08105e-06 0 0.429181
1012 2.05043e-06 0 0.429737
1014 2.02033e-06 0 0.430291
1016 1.99073e-06 0 0.430845
1018 1.96163e-06 0 0.431396
1020 1.93302e-06 0 0.431947
1022 1.90489e-06 0 0.432496
1024 1.87723e-06 0 0.433044
1026 1.85003e-06 0 0.433591
1028 1.82328e-06 0 0.434136
1030 1.79697e-06 0 0.434681
1032 1.7711e-06 0 0.435223
1034 1.74566e-06 0 0.435765
1036 1.72064e-06 0 0.436306
1038 1.69602e-06 0 0.436845
1040 1.67182e-06 0 0.437383
1042 1.648e-06 0 0.43792
1044 1.62458e-06 0 0.438455
1046 1.60154e-06 0 0.43899
1048 1.57887e-06 0 0.439523
1050 1.55658e-06 0 0.440055
1052 1.53464e-06 0 0.440586
1054 1.51306e-06 0 0.441115
1056 1.49183e-06 0 0.441644
1058 1.47093e-06 0 0.442171
1060 1.45038e-06 0 0.442697
1062 1.43015e-06 0 0.443222
1064 1.41025e-06 0 0.443746
1066 1.39067e-06 0 0.444268
1068 1.3714e-06 0 0.44479
1070 1.35243e-06 0 0.44531
1072 1.33377e-06 0 0.445829
1074 1.3154e-06 0 0.446347
1076 1.29732e-06 0 0.446864
1078 1.27953e-06 0 0.44738
1080 1.26201e-06 0 0.447894
1082 1.24478e-06 0 0.448408
1084 1.22781e-06 0 0.44892
1086 1.21111e-06 0 0.449431
1088 1.19467e-06 0 0.449941
1090 1.17848e-06 0 0.45045
1092 1.16255e-06 0 0.450958
1094 1.14686e-06 0 0.451465
1096 1.13142e-06 0 0.45197
1098 1.11622e-06 0 0.452475
1100 1.10125e-06 0 0.452978
1102 1.08651e-06 0 0.453481
1104 1.072e-06 0 0.453982
1106 1.05771e-06 0 0.454482
1108 1.04364e-06 0 0.454982
1110 1.02979e-06 0 0.45548
1112 1.01614e-06 0 0.455977
1114 1.00271e-06 0 0.456473
1116 9.89473e-07 0 0.456968
1118 9.76441e-07 0 0.457461
1120 9.63607e-07 0 0.457954
1122 9.50966e-07 0 0.458446
1124 9.38516e-07 0 0.458937
1126 9.26253e-07 0 0.459427
1128 9.14174e-07 0 0.459915
1130 9.02276e-07 0 0.460403
1132 8.90556e-07 0 0.460889
1134 8.79011e-07 0 0.461375
1136 8.67638e-07 0 0.46186
1138 8.56435e-07 0 0.462343
1140 8.45397e-07 0 0.462826
1142 8.34523e-07 0 0.463307
1144 8.23809e-07 0 0.463788
1146 8.13254e-07 0 0.464268
1148 8.02854e-07 0 0.464746
1150 7.92607e-07 0 0.465224
1152 7.8251e-07 0 0.4657
1154 7.72561e-07 0 0.466176
1156 7.62758e-07 0 0.466651
1158 7.53097e-07 0 0.467124
1160 7.43578e-07 0 0.467597
1162 7.34196e-07 0 0.468069
1164 7.24951e-07 0 0.468539
1166 7.15839e-07 0 0.469009
1168 7.06859e-07 0 0.469478
1170 6.98008e-07 0 0.469946
1172 6.89285e-07 0 0.470413
1174 6.80688e-07 0 0.470879
1176 6.72213e-07 0 0.471344
1178 6.6386e-07 0 0.471808
1180 6.55626e-07 0 0.472271
1182 6.4751e-07 0 0.472733
1184 6.39509e-07 0 0.473195
1186 6.31622e-07 0 0.473655
1188 6.23847e-07 0 0.474114
1190 6.16181e-07 0 0.474573
1192 6.08624e-07 0 0.475031
1194 6.01174e-07 0 0.475487
1196 5.93829e-07 0 0.475943
1198 5.86586e-07 0 0.476398
1200 5.79446e-07 0 0.476852
1202 5.72405e-07 0 0.477305
1204 5.65463e-07 0 0.477757
1206 5.58617e-07 0 0.478209
1208 5.51867e-07 0 0.478659
1210 5.45211e-07 0 0.479108
1212 5.38647e-07 0 0.479557
1214 5.32173e-07 0 0.480005
1216 5.2579e-07 0 0.480452
1218 5.19494e-07 0 0.480898
1220 5.13285e-07 0 0.481343
1222 5.07162e-07 0 0.481787
1224 5.01123e-07 0 0.48223
1226 4.95166e-07 0 0.482673
1228 4.89291e-07 0 0.483115
1230 4.83496e-07 0 0.483555
1232 4.7778e-07 0 0.483995
1234 4.72141e-07 0 0.484434
1236 4.66579e-07 0 0.484873
1238 4.61093e-07 0 0.48531
1240 4.55681e-07 0 0.485747
1242 4.50342e-07 0 0.486182
1244 4.45075e-07 0 0.486617
1246 4.39878e-07 0 0.487051
1248 4.34752e-07 0 0.487484
1250 4.29694e-07 0 0.487917
1252 4.24704e-07 0 0.488348
1254 4.19781e-07 0 0.488779
1256 4.14923e-07 0 0.489209
1258 4.10131e-07 0 0.489638
1260 4.05401e-07 0 0.490066
1262 4.00735e-07 0 0.490494
1264 3.9613e-07 0 0.490921
1266 3.91586e-07 0 0.491346
1268 3.87103e-07 0 0.491772
1270 3.82678e-07 0 0.492196
1272 3.78312e-07 0 0.492619
1274 3.74002e-07 0 0.493042
1276 3.6975e-07 0 0.493464
1278 3.65553e-07 0 0.493885
1280 3.61411e-07 0 0.494305
1282 3.57322e-07 0 0.494725
1284 3.53288e-07 0 0.495143
1286 3.49305e-07 0 0.495561
1288 3.45374e-07 0 0.495979
1290 3.41494e-07 0 0.496395
1292 3.37665e-07 0 0.496811
1294 3.33884e-07 0 0.497226
1296 3.30153e-07 0 0.49764
1298 3.26469e-07 0 0.498053
1300 3.22833e-07 0 0.498466
1302 3.19244e-07 0 0.498877
1304 3.157e-07 0 0.499288
1306 3.12202e-07 0 0.499699
1308 3.08748e-07 0 0.500108
1310 3.05338e-07 0 0.500517
1312 3.01972e-07 0 0.500925
1314 2.98648e-07 0 0.501332
1316 2.95366e-07 0 0.501739
1318 2.92126e-07 0 0.502145
1320 2.88927e-07 0 0.50255
1322 2.85769e-07 0 0.502954
1324 2.82649e-07 0 0.503358
1326 2.7957e-07 0 0.503761
1328 2.76529e-07 0 0.504163
1330 2.73525e-07 0 0.504565
1332 2.7056e-07 0 0.504965
1334 2.67631e-07 0 0.505365
1336 2.64739e-07 0 0.505765
1338 2.61883e-07 0 0.506163
1340 2.59063e-07 0 0.506561
1342 2.56277e-07 0 0.506958
1344 2.53526e-07 0 0.507355
1346 2.50809e-07 0 0.50775
1348 2.48126e-07 0 0.508145
1350 2.45475e-07 0 0.50854
1352 2.42857e-07 0 0.508933
1354 2.40271e-07 0 0.509326
1356 2.37717e-07 0 0.509719
1358 2.35195e-07 0 0.51011
1360 2.32703e-07 0 0.510501
1362 2.30241e-07 0 0.510891
1364 2.2781e-07 0 0.511281
1366 2.25408e-07 0 0.51167
1368 2.23035e-07 0 0.512058
1370 2.20691e-07 0 0.512445
1372 2.18375e-07 0 0.512832
1374 2.16088e-07 0 0.513218
1376 2.13828e-07 0 0.513603
1378 2.11595e-07 0 0.513988
1380 2.09389e-07 0 0.514372
1382 2.07209e-07 0 0.514756
1384 2.05056e-07 0 0.515139
1386 2.02928e-07 0 0.515521
1388 2.00826e-07 0 0.515902
1390 1.98749e-07 0 0.516283
1392 1.96697e-07 0 0.516663
1394 1.94669e-07 0 0.517042
1396 1.92665e-07 0 0.517421
1398 1.90685e-07 0 0.517799
1400 1.88728e-07 0 0.518177
1402 1.86795e-07 0 0.518554
1404 1.84884e-07 0 0.51893
1406 1.82996e-07 0 0.519306
1408 1.8113e-07 0 0.519681
1410 1.79286e-07 0 0.520055
1412 1.77464e-07 0 0.520428
1414 1.75663e-07 0 0.520802
1416 1.73883e-07 0 0.521174
1418 1.72123e-07 0 0.521546
1420 1.70385e-07 0 0.521917
1422 1.68666e-07 0 0.522287
1424 1.66967e-07 0 0.522657
1426 1.65289e-07 0 0.523026
1428 1.63629e-07 0 0.523395
1430 1.61989e-07 0 0.523763
1432 1.60368e-07 0 0.524131
1434 1.58765e-07 0 0.524497
1436 1.57181e-07 0 0.524864
1438 1.55615e-07 0 0.525229
1440 1.54067e-07 0 0.525594
1442 1.52537e-07 0 0.525958
1444 1.51024e-07 0 0.526322
1446 1.49529e-07 0 0.526685
1448 1.48051e-07 0 0.527048
1450 1.46589e-07 0 0.52741
1452 1.45144e-07 0 0.527771
1454 1.43716e-07 0 0.528132
1456 1.42304e-07 0 0.528492
1458 1.40907e-07 0 0.528852
1460 1.39527e-07 0 0.529211
1462 1.38162e-07 0 0.529569
1464 1.36812e-07 0 0.529927
1466 1.35478e-07 0 0.530284
1468 1.34159e-07 0 0.530641
1470 1.32854e-07 0 0.530997
1472 1.31564e-07 0 0.531352
1474 1.30289e-07 0 0.531707
1476 1.29027e-07 0 0.532061
1478 1.2778e-07 0 0.532415
1480 1.26547e-07 0 0.532768
1482 1.25327e-07 0 0.533121
1484 1.24121e-07 0 0.533473
1486 1.22929e-07 0 0.533824
1488 1.21749e-07 0 0.534175
1490 1.20583e-07 0 0.534525
1492 1.19429e-07 0 0.534875
1494 1.18288e-07 0 0.535224
1496 1.1716e-07 0 0.535573
1498 1.16044e-07 0 0.535921
1500 1.14941e-07 0 0.536268
1502 1.13849e-07 0 0.536615
1504 1.12769e-07 0 0.536962
1506 1.11702e-07 0 0.537308
1508 1.10645e-07 0 0.537653
1510 1.09601e-07 0 0.537998
1512 1.08568e-07 0 0.538342
1514 1.07545e-07 0 0.538685
1516 1.06534e-07 0 0.539028
1518 1.05534e-07 0 0.539371
1520 1.04545e-07 0 0.539713
1522 1.03567e-07 0 0.540054
1524 1.02599e-07 0 0.540395
1526 1.01641e-07 0 0.540736
1528 1.00694e-07 0 0.541076
1530 9.97569e-08 0 0.541415
1532 9.88299e-08 0 0.541754
1534 9.79128e-08 0 0.542092
1536 9.70055e-08 0 0.54243
1538 9.61079e-08 0 0.542767
1540 9.52199e-08 0 0.543104
1542 9.43413e-08 0 0.54344
1544 9.3472e-08 0 0.543775
1546 9.2612e-08 0 0.54411
1548 9.17611e-08 0 0.544445
1550 9.09192e-08 0 0.544779
1552 9.00863e-08 0 0.545113
1554 8.92621e-08 0 0.545446
1556 8.84466e-08 0 0.545778
1558 8.76396e-08 0 0.54611
1560 8.68412e-08 0 0.546442
1562 8.60511e-08 0 0.546773
1564 8.52694e-08 0 0.547103
1566 8.44958e-08 0 0.547433
1568 8.37303e-08 0 0.547763
1570 8.29728e-08 0 0.548092
1572 8.22231e-08 0 0.54842
1574 8.14813e-08 0 0.548748
1576 8.07472e-08 0 0.549075
1578 8.00207e-08 0 0.549402
1580 7.93018e-08 0 0.549729
1582 7.85903e-08 0 0.550055
1584 7.78861e-08 0 0.55038
1586 7.71892e-08 0 0.550705
1588 7.64995e-08 0 0.55103
1590 7.58169e-08 0 0.551354
1592 7.51414e-08 0 0.551677
1594 7.44727e-08 0 0.552
1596 7.38109e-08 0 0.552323
1598 7.31559e-08 0 0.552645
1600 7.25076e-08 0 0.552966
1602 7.18659e-08 0 0.553287
1604 7.12307e-08 0 0.553608
1606 7.0602e-08 0 0.553928
1608 6.99798e-08 0 0.554248
1610 6.93638e-08 0 0.554567
1612 6.87541e-08 0 0.554885
1614 6.81505e-08 0 0.555204
1616 6.7553e-08 0 0.555521
1618 6.69616e-08 0 0.555839
1620 6.63762e-08 0 0.556155
1622 6.57966e-08 0 0.556472
1624 6.52229e-08 0 0.556788
1626 6.4655e-08 0 0.557103
1628 6.40927e-08 0 0.557418
1630 6.35361e-08 0 0.557732
1632 6.2985e-08 0 0.558046
1634 6.24395e-08 0 0.55836
1636 6.18993e-08 0 0.558673
1638 6.13646e-08 0 0.558985
1640 6.08352e-08 0 0.559298
1642 6.03111e-08 0 0.559609
1644 5.97921e-08 0 0.55992
1646 5.92783e-08 0 0.560231
1648 5.87696e-08 0 0.560542
1650 5.82659e-08 0 0.560851
1652 5.77672e-08 0 0.561161
1654 5.72735e-08 0 0.56147
1656 5.67845e-08 0 0.561778
1658 5.63004e-08 0 0.562086
1660 5.5821e-08 0 0.562394
1662 5.53464e-08 0 0.562701
1664 5.48764e-08 0 0.563008
1666 5.44109e-08 0 0.563314
1668 5.39501e-08 0 0.56362
1670 5.34937e-08 0 0.563925
1672 5.30418e-08 0 0.56423
1674 5.25942e-08 0 0.564535
1676 5.21511e-08 0 0.564839
1678 5.17122e-08 0 0.565143
1680 5.12776e-08 0 0.565446
1682 5.08472e-08 0 0.565749
1684 5.04209e-08 0 0.566051
1686 4.99988e-08 0 0.566353
1688 4.95807e-08 0 0.566654
1690 4.91667e-08 0 0.566955
1692 4.87566e-08 0 0.567256
1694 4.83505e-08 0 0.567556
1696 4.79483e-08 0 0.567856
1698 4.75499e-08 0 0.568155
1700 4.71553e-08 0 0.568454
1702 4.67645e-08 0 0.568753
1704 4.63775e-08 0 0.569051
1706 4.59941e-08 0 0.569349
1708 4.56144e-08 0 0.569646
1710 4.52383e-08 0 0.569943
1712 4.48658e-08 0 0.570239
1714 4.44968e-08 0 0.570535
1716 4.41313e-08 0 0.570831
1718 4.37692e-08 0 0.571126
1720 4.34106e-08 0 0.571421
1722 4.30553e-08 0 0.571715
1724 4.27034e-08 0 0.572009
1726 4.23549e-08 0 0.572302
1728 4.20095e-08 0 0.572596
1730 4.16675e-08 0 0.572888
1732 4.13286e-08 0 0.573181
1734 4.09929e-08 0 0.573472
1736 4.06604e-08 0 0.573764
1738 4.0331e-08 0 0.574055
1740 4.00046e-08 0 0.574346
1742 3.96813e-08 0 0.574636
1744 3.93609e-08 0 0.574926
1746 3.90436e-08 0 0.575215
1748 3.87292e-08 0 0.575504
1750 3.84177e-08 0 0.575793
1752 3.81091e-08 0 0.576081
1754 3.78034e-08 0 0.576369
1756 3.75005e-08 0 0.576657
1758 3.72004e-08 0 0.576944
1760 3.6903e-08 0 0.577231
1762 3.66084e-08 0 0.577517
1764 3.63165e-08 0 0.577803
1766 3.60273e-08 0 0.578088
1768 3.57407e-08 0 0.578374
1770 3.54567e-08 0 0.578658
1772 3.51754e-08 0 0.578943
1774 3.48966e-08 0 0.579227
1776 3.46203e-08 0 0.57951
1778 3.43466e-08 0 0.579794
1780 3.40754e-08 0 0.580076
1782 3.38066e-08 0 0.580359
1784 3.35403e-08 0 0.580641
1786 3.32764e-08 0 0.580923
1788 3.30149e-08 0 0.581204
1790 3.27557e-08 0 0.581485
1792 3.24989e-08 0 0.581766
1794 3.22444e-08 0 0.582046
1796 3.19922e-08 0 0.582326
1798 3.17422e-08 0 0.582605
1800 3.14946e-08 0 0.582884
1802 3.12491e-08 0 0.583163
1804 3.10058e-08 0 0.583441
1806 3.07648e-08 0 0.583719
1808 3.05258e-08 0 0.583997
1810 3.02891e-08 0 0.584274
1812 3.00544e-08 0 0.584551
1814 2.98218e-08 0 0.584827
1816 2.95913e-08 0 0.585103
1818 2.93628e-08 0 0.585379
1820 2.91364e-08 0 0.585655
1822 2.8912e-08 0 0.58593
1824 2.86896e-08 0 0.586204
1826 2.84691e-08 0 0.586479
1828 2.82506e-08 0 0.586752
1830 2.8034e-08 0 0.587026
1832 2.78193e-08 0 0.587299
1834 2.76066e-08 0 0.587572
1836 2.73956e-08 0 0.587845
1838 2.71866e-08 0 0.588117
1840 2.69794e-08 0 0.588389
1842 2.6774e-08 0 0.58866
1844 2.65704e-08 0 0.588931
1846 2.63686e-08 0 0.589202
1848 2.61685e-08 0 0.589472
1850 2.59702e-08 0 0.589742
1852 2.57736e-08 0 0.590012
1854 2.55787e-08 0 0.590281
1856 2.53856e-08 0 0.59055
1858 2.51941e-08 0 0.590819
1860 2.50042e-08 0 0.591087
1862 2.48161e-08 0 0.591355
1864 2.46295e-08 0 0.591623
1866 2.44445e-08 0 0.59189
1868 2.42612e-08 0 0.592157
1870 2.40794e-08 0 0.592423
1872 2.38992e-08 0 0.59269
1874 2.37206e-08 0 0.592956
1876 2.35435e-08 0 0.593221
1878 2.33679e-08 0 0.593486
1880 2.31938e-08 0 0.593751
1882 2.30212e-08 0 0.594016
1884 2.28501e-08 0 0.59428
1886 2.26804e-08 0 0.594544
1888 2.25122e-08 0 0.594807
1890 2.23455e-08 0 0.59507
1892 2.21801e-08 0 0.595333
1894 2.20162e-08 0 0.595596
1896 2.18536e-08 0 0.595858
1898 2.16924e-08 0 0.59612
1900 2.15326e-08 0 0.596381
1902 2.13742e-08 0 0.596642
1904 2.12171e-08 0 0.596903
1906 2.10613e-08 0 0.597164
1908 2.09068e-08 0 0.597424
1910 2.07537e-08 0 0.597684
1912 2.06018e-08 0 0.597943
1914 2.04512e-08 0 0.598203
1916 2.03019e-08 0 0.598462
1918 2.01538e-08 0 0.59872
1920 2.0007e-08 0 0.598978
1922 1.98614e-08 0 0.599236
1924 1.9717e-08 0 0.599494
1926 1.95738e-08 0 0.599751
1928 1.94318e-08 0 0.600008
1930 1.9291e-08 0 0.600265
1932 1.91514e-08 0 0.600521
1934 1.90129e-08 0 0.600777
1936 1.88756e-08 0 0.601033
1938 1.87394e-08 0 0.601288
1940 1.86044e-08 0 0.601543
1942 1.84705e-08 0 0.601798
1944 1.83376e-08 0 0.602052
1946 1.82059e-08 0 0.602306
1948 1.80753e-08 0 0.60256
1950 1.79457e-08 0 0.602814
1952 1.78172e-08 0 0.603067
1954 1.76898e-08 0 0.60332
1956 1.75634e-08 0 0.603572
1958 1.74381e-08 0 0.603825
1960 1.73137e-08 0 0.604077
1962 1.71904e-08 0 0.604328
1964 1.70682e-08 0 0.604579
1966 1.69469e-08 0 0.60483
1968 1.68266e-08 0 0.605081
1970 1.67072e-08 0 0.605332
1972 1.65889e-08 0 0.605582
1974 1.64715e-08 0 0.605831
1976 1.63551e-08 0 0.606081
1978 1.62396e-08 0 0.60633
1980 1.6125e-08 0 0.606579
1982 1.60114e-08 0 0.606828
1984 1.58987e-08 0 0.607076
1986 1.57869e-08 0 0.607324
1988 1.5676e-08 0 0.607572
1990 1.5566e-08 0 0.607819
1992 1.54569e-08 0 0.608066
1994 1.53487e-08 0 0.608313
1996 1.52413e-08 0 0.608559
1998 1.51348e-08 0 0.608805
2000 1.50292e-08 0 0.609051
